service_id,monday,tuesday,wednesday,thursday,friday,saturday,sunday,start_date,end_date
Mon-Tue-Wed-Thu-Fri-Sat-Sun_20260323-20260331,1,1,1,1,1,1,1,20260323,20260331
Mon-Tue-Wed-Thu-Fri-Sat-Sun_20260401-20270530,1,1,1,1,1,1,1,20260401,20270530
Mon-Tue-Wed-Thu-Fri-Sat-Sun_20260106-20270530,1,1,1,1,1,1,1,20260106,20270530
Mon-Tue-Wed-Thu-Fri-Sat-Sun_20260126-20260519,1,1,1,1,1,1,1,20260126,20260519
Mon-Tue-Wed-Thu-Fri-Sat-Sun_20260329-20270530,1,1,1,1,1,1,1,20260329,20270530
Mon-Tue-Wed-Thu-Fri-Sat-Sun_20260228-20260531,1,1,1,1,1,1,1,20260228,20260531
Mon-Tue-Wed-Thu-Fri-Sat-Sun_20260307-20260402,1,1,1,1,1,1,1,20260307,20260402
Mon-Tue-Wed-Thu-Fri-Sat-Sun_20260221-20270530,1,1,1,1,1,1,1,20260221,20270530
Mon-Tue-Wed-Thu-Fri-Sat-Sun_20260218-20270530,1,1,1,1,1,1,1,20260218,20270530
Mon-Tue-Wed-Thu-Fri-Sat-Sun_20260102-20270530,1,1,1,1,1,1,1,20260102,20270530
Mon-Tue-Wed-Thu-Fri-Sat-Sun_20260105-20270530,1,1,1,1,1,1,1,20260105,20270530
Mon-Tue-Wed-Thu-Fri-Sat-Sun_20260225-20261231,1,1,1,1,1,1,1,20260225,20261231
Mon-Tue-Wed-Thu-Fri-Sat-Sun_20260101-20270228,1,1,1,1,1,1,1,20260101,20270228
Mon-Tue-Wed-Thu-Fri-Sat-Sun_20260319-20260402,1,1,1,1,1,1,1,20260319,20260402
Mon-Tue-Wed-Thu-Fri-Sat-Sun_20260205-20270530,1,1,1,1,1,1,1,20260205,20270530
Mon-Tue-Wed-Thu-Fri-Sat-Sun_20260203-20270530,1,1,1,1,1,1,1,20260203,20270530
Mon-Tue-Wed-Thu-Fri-Sat-Sun_20260415-20260507,1,1,1,1,1,1,1,20260415,20260507
Mon-Tue-Wed-Thu-Fri-Sat-Sun_20260310-20270530,1,1,1,1,1,1,1,20260310,20270530
Mon-Tue-Wed-Thu-Fri-Sat-Sun_20260217-20270530,1,1,1,1,1,1,1,20260217,20270530
Mon-Tue-Wed-Thu-Fri-Sat-Sun_20260208-20270530,1,1,1,1,1,1,1,20260208,20270530
Mon-Tue-Wed-Thu-Fri-Sat-Sun_20260225-20260630,1,1,1,1,1,1,1,20260225,20260630
Mon-Tue-Wed-Thu-Fri-Sat-Sun_20260225-20260430,1,1,1,1,1,1,1,20260225,20260430
Mon-Tue-Wed-Thu-Fri-Sat-Sun_20260124-20270530,1,1,1,1,1,1,1,20260124,20270530
Mon-Tue-Wed-Thu-Fri-Sat-Sun_20260301-20270228,1,1,1,1,1,1,1,20260301,20270228
Mon-Tue-Wed-Thu-Fri-Sat-Sun_20260324-20270530,1,1,1,1,1,1,1,20260324,20270530
Mon-Tue-Wed-Thu-Fri-Sat-Sun_20260301-20260831,1,1,1,1,1,1,1,20260301,20260831
Mon-Tue-Wed-Thu-Fri-Sat-Sun_20260301-20260331,1,1,1,1,1,1,1,20260301,20260331
Mon-Tue-Wed-Thu-Fri-Sat-Sun_20260101-20260519,1,1,1,1,1,1,1,20260101,20260519
Mon-Tue-Wed-Thu-Fri-Sat-Sun_20260224-20270530,1,1,1,1,1,1,1,20260224,20270530
Mon-Tue-Wed-Thu-Fri-Sat-Sun_20260115-20270530,1,1,1,1,1,1,1,20260115,20270530
Mon-Tue-Wed-Thu-Fri-Sat-Sun_20260514-20260531,1,1,1,1,1,1,1,20260514,20260531
Mon-Tue-Wed-Thu-Fri-Sat-Sun_20260112-20270530,1,1,1,1,1,1,1,20260112,20270530
Mon-Tue-Wed-Thu-Fri-Sat-Sun_20260129-20270530,1,1,1,1,1,1,1,20260129,20270530
Mon-Tue-Wed-Thu-Fri-Sat-Sun_20260101-20260502,1,1,1,1,1,1,1,20260101,20260502
Mon-Tue-Wed-Thu-Fri-Sat-Sun_20260104-20260413,1,1,1,1,1,1,1,20260104,20260413
Mon-Tue-Wed-Thu-Fri-Sat-Sun_20260312-20260331,1,1,1,1,1,1,1,20260312,20260331
Mon-Tue-Wed-Thu-Fri-Sat-Sun_20260306-20260406,1,1,1,1,1,1,1,20260306,20260406
Mon-Tue-Wed-Thu-Fri-Sat-Sun_20260216-20270530,1,1,1,1,1,1,1,20260216,20270530
Mon-Tue-Wed-Thu-Fri-Sat-Sun_20260201-20270530,1,1,1,1,1,1,1,20260201,20270530
Mon-Tue-Wed-Thu-Fri-Sat-Sun_20260309-20270530,1,1,1,1,1,1,1,20260309,20270530
Mon-Tue-Wed-Thu-Fri-Sat-Sun_20260312-20270530,1,1,1,1,1,1,1,20260312,20270530
Mon-Tue-Wed-Thu-Fri-Sat-Sun_20260323-20270530,1,1,1,1,1,1,1,20260323,20270530
Mon-Tue-Wed-Thu-Fri-Sat-Sun_20260216-20260516,1,1,1,1,1,1,1,20260216,20260516
Mon-Tue-Wed-Thu-Fri-Sat-Sun_20260309-20261231,1,1,1,1,1,1,1,20260309,20261231
Mon-Tue-Wed-Thu-Fri-Sat-Sun_20260109-20270530,1,1,1,1,1,1,1,20260109,20270530
Mon-Tue-Wed-Thu-Fri-Sat-Sun_20260316-20260331,1,1,1,1,1,1,1,20260316,20260331
Mon-Tue-Wed-Thu-Fri-Sat-Sun_20260320-20270530,1,1,1,1,1,1,1,20260320,20270530
Mon-Tue-Wed-Thu-Fri-Sat-Sun_20260311-20260331,1,1,1,1,1,1,1,20260311,20260331
Mon-Tue-Wed-Thu-Fri-Sat-Sun_20260101-20260331,1,1,1,1,1,1,1,20260101,20260331
Mon-Tue-Wed-Thu-Fri-Sat-Sun_20260308-20270530,1,1,1,1,1,1,1,20260308,20270530
Mon-Tue-Wed-Thu-Fri-Sat-Sun_20260223-20270530,1,1,1,1,1,1,1,20260223,20270530
Mon-Tue-Wed-Thu-Fri-Sat-Sun_20260312-20260515,1,1,1,1,1,1,1,20260312,20260515
Mon-Tue-Wed-Thu-Fri-Sat-Sun_20260303-20270530,1,1,1,1,1,1,1,20260303,20270530
Mon-Tue-Wed-Thu-Fri-Sat-Sun_20260101-20260405,1,1,1,1,1,1,1,20260101,20260405
Mon-Tue-Wed-Thu-Fri-Sat-Sun_20260113-20270530,1,1,1,1,1,1,1,20260113,20270530
Mon-Tue-Wed-Thu-Fri-Sat-Sun_20260301-20270331,1,1,1,1,1,1,1,20260301,20270331
Mon-Tue-Wed-Thu-Fri-Sat-Sun_20260131-20270530,1,1,1,1,1,1,1,20260131,20270530
Mon-Tue-Wed-Thu-Fri-Sat-Sun_20260119-20270530,1,1,1,1,1,1,1,20260119,20270530
Mon-Tue-Wed-Thu-Fri-Sat-Sun_20260101-20260520,1,1,1,1,1,1,1,20260101,20260520
Mon-Tue-Wed-Thu-Fri-Sat-Sun_20260214-20270530,1,1,1,1,1,1,1,20260214,20270530
Mon-Tue-Wed-Thu-Fri-Sat-Sun_20260120-20270530,1,1,1,1,1,1,1,20260120,20270530
Mon-Tue-Wed-Thu-Fri-Sat-Sun_20260101-20261231,1,1,1,1,1,1,1,20260101,20261231
Mon-Tue-Wed-Thu-Fri-Sat-Sun_20260227-20270530,1,1,1,1,1,1,1,20260227,20270530
Mon-Tue-Wed-Thu-Fri-Sat-Sun_20260326-20260413,1,1,1,1,1,1,1,20260326,20260413
Mon-Tue-Wed-Thu-Fri-Sat-Sun_20260207-20270530,1,1,1,1,1,1,1,20260207,20270530
Mon-Tue-Wed-Thu-Fri-Sat-Sun_20260326-20270530,1,1,1,1,1,1,1,20260326,20270530
Mon-Tue-Wed-Thu-Fri-Sat-Sun_20260117-20270530,1,1,1,1,1,1,1,20260117,20270530
Mon-Tue-Wed-Thu-Fri-Sat-Sun_20260213-20270530,1,1,1,1,1,1,1,20260213,20270530
Mon-Tue-Wed-Thu-Fri-Sat-Sun_20260307-20270530,1,1,1,1,1,1,1,20260307,20270530
Mon-Tue-Wed-Thu-Fri-Sat-Sun_20260311-20270530,1,1,1,1,1,1,1,20260311,20270530
Mon-Tue-Wed-Thu-Fri-Sat-Sun_20260320-20260331,1,1,1,1,1,1,1,20260320,20260331
Mon-Tue-Wed-Thu-Fri-Sat-Sun_20260226-20260428,1,1,1,1,1,1,1,20260226,20260428
Mon-Tue-Wed-Thu-Fri-Sat-Sun_20260328-20270530,1,1,1,1,1,1,1,20260328,20270530
Mon-Tue-Wed-Thu-Fri-Sat-Sun_20260306-20270530,1,1,1,1,1,1,1,20260306,20270530
Mon-Tue-Wed-Thu-Fri-Sat-Sun_20260130-20270530,1,1,1,1,1,1,1,20260130,20270530
Mon-Tue-Wed-Thu-Fri-Sat-Sun_20260104-20270530,1,1,1,1,1,1,1,20260104,20270530
Mon-Tue-Wed-Thu-Fri-Sat-Sun_20260101-20260630,1,1,1,1,1,1,1,20260101,20260630
Mon-Tue-Wed-Thu-Fri-Sat-Sun_20260101-20270103,1,1,1,1,1,1,1,20260101,20270103
Mon-Tue-Wed-Thu-Fri-Sat-Sun_20260203-20260519,1,1,1,1,1,1,1,20260203,20260519
Mon-Tue-Wed-Thu-Fri-Sat-Sun_20260302-20260901,1,1,1,1,1,1,1,20260302,20260901
Mon-Tue-Wed-Thu-Fri-Sat-Sun_20260327-20270530,1,1,1,1,1,1,1,20260327,20270530
Mon-Tue-Wed-Thu-Fri-Sat-Sun_20260302-20270530,1,1,1,1,1,1,1,20260302,20270530
Mon-Tue-Wed-Thu-Fri-Sat-Sun_20260304-20270530,1,1,1,1,1,1,1,20260304,20270530
Mon-Tue-Wed-Thu-Fri-Sat-Sun_20260320-20260503,1,1,1,1,1,1,1,20260320,20260503
Mon-Tue-Wed-Thu-Fri-Sat-Sun_20260209-20270530,1,1,1,1,1,1,1,20260209,20270530
Mon-Tue-Wed-Thu-Fri-Sat-Sun_20260215-20270530,1,1,1,1,1,1,1,20260215,20270530
Mon-Tue-Wed-Thu-Fri-Sat-Sun_20260114-20270530,1,1,1,1,1,1,1,20260114,20270530
Mon-Tue-Wed-Thu-Fri-Sat-Sun_20251022-20270530,1,1,1,1,1,1,1,20251022,20270530
Mon-Tue-Wed-Thu-Fri-Sat-Sun_20260121-20270530,1,1,1,1,1,1,1,20260121,20270530
Mon-Tue-Wed-Thu-Fri-Sat-Sun_20260127-20270530,1,1,1,1,1,1,1,20260127,20270530
Mon-Tue-Wed-Thu-Fri-Sat-Sun_20260302-20260401,1,1,1,1,1,1,1,20260302,20260401
Mon-Tue-Wed-Thu-Fri-Sat-Sun_20260316-20270530,1,1,1,1,1,1,1,20260316,20270530
Mon-Tue-Wed-Thu-Fri-Sat-Sun_20260207-20260405,1,1,1,1,1,1,1,20260207,20260405
Mon-Tue-Wed-Thu-Fri-Sat-Sun_20260107-20270530,1,1,1,1,1,1,1,20260107,20270530
Mon-Tue-Wed-Thu-Fri-Sat-Sun_20260228-20270530,1,1,1,1,1,1,1,20260228,20270530
Mon-Tue-Wed-Thu-Fri-Sat-Sun_20260317-20260330,1,1,1,1,1,1,1,20260317,20260330
Mon-Tue-Wed-Thu-Fri-Sat-Sun_20260212-20270530,1,1,1,1,1,1,1,20260212,20270530
Mon-Tue-Wed-Thu-Fri-Sat-Sun_20260325-20270530,1,1,1,1,1,1,1,20260325,20270530
Mon-Tue-Wed-Thu-Fri-Sat-Sun_20260315-20270530,1,1,1,1,1,1,1,20260315,20270530
Mon-Tue-Wed-Thu-Fri-Sat-Sun_20260126-20260331,1,1,1,1,1,1,1,20260126,20260331
Mon-Tue-Wed-Thu-Fri-Sat-Sun_20260320-20260619,1,1,1,1,1,1,1,20260320,20260619
Mon-Tue-Wed-Thu-Fri-Sat-Sun_20260305-20260331,1,1,1,1,1,1,1,20260305,20260331
Mon-Tue-Wed-Thu-Fri-Sat-Sun_20260206-20270530,1,1,1,1,1,1,1,20260206,20270530
Mon-Tue-Wed-Thu-Fri-Sat-Sun_20260328-20260331,1,1,1,1,1,1,1,20260328,20260331
Mon-Tue-Wed-Thu-Fri-Sat-Sun_20260319-20270530,1,1,1,1,1,1,1,20260319,20270530
Mon-Tue-Wed-Thu-Fri-Sat-Sun_20260321-20270530,1,1,1,1,1,1,1,20260321,20270530
Mon-Tue-Wed-Thu-Fri-Sat-Sun_20260316-20260715,1,1,1,1,1,1,1,20260316,20260715
Mon-Tue-Wed-Thu-Fri-Sat-Sun_20260226-20270530,1,1,1,1,1,1,1,20260226,20270530
Mon-Tue-Wed-Thu-Fri-Sat-Sun_20260310-20260331,1,1,1,1,1,1,1,20260310,20260331
Mon-Tue-Wed-Thu-Fri-Sat-Sun_20260322-20270530,1,1,1,1,1,1,1,20260322,20270530
Mon-Tue-Wed-Thu-Fri-Sat-Sun_20260225-20270530,1,1,1,1,1,1,1,20260225,20270530
Mon-Tue-Wed-Thu-Fri-Sat-Sun_20260306-20260331,1,1,1,1,1,1,1,20260306,20260331
Mon-Tue-Wed-Thu-Fri-Sat-Sun_20250601-20270530,1,1,1,1,1,1,1,20250601,20270530
Mon-Tue-Wed-Thu-Fri-Sat-Sun_20260220-20270530,1,1,1,1,1,1,1,20260220,20270530
Mon-Tue-Wed-Thu-Fri-Sat-Sun_20260204-20270530,1,1,1,1,1,1,1,20260204,20270530
Mon-Tue-Wed-Thu-Fri-Sat-Sun_20260305-20270530,1,1,1,1,1,1,1,20260305,20270530
Mon-Tue-Wed-Thu-Fri-Sat-Sun_20260101-20260412,1,1,1,1,1,1,1,20260101,20260412
Mon-Tue-Wed-Thu-Fri-Sat-Sun_20260310-20270228,1,1,1,1,1,1,1,20260310,20270228
Mon-Tue-Wed-Thu-Fri-Sat-Sun_20260101-20270104,1,1,1,1,1,1,1,20260101,20270104
Mon-Tue-Wed-Thu-Fri-Sat-Sun_20260324-20260331,1,1,1,1,1,1,1,20260324,20260331
Mon-Tue-Wed-Thu-Fri-Sat-Sun_20260101-20270227,1,1,1,1,1,1,1,20260101,20270227
Mon-Tue-Wed-Thu-Fri-Sat-Sun_20260126-20270530,1,1,1,1,1,1,1,20260126,20270530
Mon-Tue-Wed-Thu-Fri-Sat-Sun_20260318-20270530,1,1,1,1,1,1,1,20260318,20270530
Mon-Tue-Wed-Thu-Fri-Sat-Sun_20260316-20260330,1,1,1,1,1,1,1,20260316,20260330
Mon-Tue-Wed-Thu-Fri-Sat-Sun_20260101-20260503,1,1,1,1,1,1,1,20260101,20260503
Mon-Tue-Wed-Thu-Fri-Sat-Sun_20260311-20270228,1,1,1,1,1,1,1,20260311,20270228
Mon-Tue-Wed-Thu-Fri-Sat-Sun_20260317-20270530,1,1,1,1,1,1,1,20260317,20270530
Mon-Tue-Wed-Thu-Fri-Sat-Sun_20260318-20260331,1,1,1,1,1,1,1,20260318,20260331
Mon-Tue-Wed-Thu-Fri-Sat-Sun_20250101-20270530,1,1,1,1,1,1,1,20250101,20270530
Mon-Tue-Wed-Thu-Fri-Sat-Sun_20260303-20260405,1,1,1,1,1,1,1,20260303,20260405
Mon-Tue-Wed-Thu-Fri-Sat-Sun_20260218-20270217,1,1,1,1,1,1,1,20260218,20270217
Mon-Tue-Wed-Thu-Fri-Sat-Sun_20260310-20261031,1,1,1,1,1,1,1,20260310,20261031
Mon-Tue-Wed-Thu-Fri-Sat-Sun_20260327-20260331,1,1,1,1,1,1,1,20260327,20260331
Mon-Tue-Wed-Thu-Fri-Sat-Sun_20260317-20260331,1,1,1,1,1,1,1,20260317,20260331
Mon-Tue-Wed-Thu-Fri-Sat-Sun_20260101-20270331,1,1,1,1,1,1,1,20260101,20270331
Mon-Tue-Wed-Thu-Fri-Sat-Sun_20260324-20260731,1,1,1,1,1,1,1,20260324,20260731
Mon-Tue-Wed-Thu-Fri-Sat-Sun_20260202-20270530,1,1,1,1,1,1,1,20260202,20270530
Mon-Tue-Wed-Thu-Fri-Sat-Sun_20260402-20270530,1,1,1,1,1,1,1,20260402,20270530
Mon-Tue-Wed-Thu-Fri-Sat-Sun_20260125-20270530,1,1,1,1,1,1,1,20260125,20270530
Mon-Tue-Wed-Thu-Fri-Sat-Sun_20260222-20270530,1,1,1,1,1,1,1,20260222,20270530
Mon-Tue-Wed-Thu-Fri-Sat-Sun_20260319-20260331,1,1,1,1,1,1,1,20260319,20260331
Mon-Tue-Wed-Thu-Fri-Sat-Sun_20260101-20260413,1,1,1,1,1,1,1,20260101,20260413
Mon-Tue-Wed-Thu-Fri-Sat-Sun_20260319-20260401,1,1,1,1,1,1,1,20260319,20260401
Mon-Tue-Wed-Thu-Fri-Sat-Sun_20260219-20270530,1,1,1,1,1,1,1,20260219,20270530
Mon-Tue-Wed-Thu-Fri-Sat-Sun_20260307-20260331,1,1,1,1,1,1,1,20260307,20260331
Mon-Tue-Wed-Thu-Fri-Sat-Sun_20260301-20260330,1,1,1,1,1,1,1,20260301,20260330
Mon-Tue-Wed-Thu-Fri-Sat-Sun_20260118-20270530,1,1,1,1,1,1,1,20260118,20270530
Mon-Tue-Wed-Thu-Fri-Sat-Sun_20260211-20270530,1,1,1,1,1,1,1,20260211,20270530
Mon-Tue-Wed-Thu-Fri-Sat-Sun_20260210-20270530,1,1,1,1,1,1,1,20260210,20270530
Mon-Tue-Wed-Thu-Fri-Sat-Sun_20260108-20270530,1,1,1,1,1,1,1,20260108,20270530
Mon-Tue-Wed-Thu-Fri-Sat-Sun_20260101-20270530,1,1,1,1,1,1,1,20260101,20270530
Mon-Tue-Wed-Thu-Fri-Sat-Sun_20260122-20270530,1,1,1,1,1,1,1,20260122,20270530
Mon-Tue-Wed-Thu-Fri-Sat-Sun_20260520-20270530,1,1,1,1,1,1,1,20260520,20270530
Mon-Tue-Wed-Thu-Fri-Sat-Sun_20260414-20260507,1,1,1,1,1,1,1,20260414,20260507
Mon-Tue-Wed-Thu-Fri-Sat-Sun_20260101-20260531,1,1,1,1,1,1,1,20260101,20260531
Mon-Tue-Wed-Thu-Fri-Sat-Sun_20260413-20260507,1,1,1,1,1,1,1,20260413,20260507
Mon-Tue-Wed-Thu-Fri-Sat-Sun_20260131-20260413,1,1,1,1,1,1,1,20260131,20260413
Mon-Tue-Wed-Thu-Fri-Sat-Sun_20260301-20270530,1,1,1,1,1,1,1,20260301,20270530
Mon-Tue-Wed-Thu-Fri-Sat-Sun_20260521-20270530,1,1,1,1,1,1,1,20260521,20270530
Mon-Tue-Wed-Thu-Fri-Sat-Sun_20260111-20270530,1,1,1,1,1,1,1,20260111,20270530
Mon-Tue-Wed-Thu-Fri-Sat-Sun_20260313-20270530,1,1,1,1,1,1,1,20260313,20270530
Mon-Tue-Wed-Thu-Fri-Sat-Sun_20260314-20270530,1,1,1,1,1,1,1,20260314,20270530
Mon-Tue-Wed-Thu-Fri-Sat-Sun_20260123-20270530,1,1,1,1,1,1,1,20260123,20270530
Mon-Tue-Wed-Thu-Fri-Sat-Sun_20260116-20270530,1,1,1,1,1,1,1,20260116,20270530
Mon-Tue-Wed-Thu-Fri-Sat-Sun_20260103-20270530,1,1,1,1,1,1,1,20260103,20270530
Mon-Tue-Wed-Thu-Fri-Sat-Sun_20260128-20270530,1,1,1,1,1,1,1,20260128,20270530
Mon-Tue-Wed-Thu-Fri-Sat_20260417-20270530,1,1,1,1,1,1,0,20260417,20270530
Mon-Tue-Wed-Thu-Fri-Sat_20251202-20270530,1,1,1,1,1,1,0,20251202,20270530
Mon-Tue-Wed-Thu-Fri-Sat_20260314-20270530,1,1,1,1,1,1,0,20260314,20270530
Mon-Tue-Wed-Thu-Fri-Sat_20260318-20270530,1,1,1,1,1,1,0,20260318,20270530
Mon-Tue-Wed-Thu-Fri-Sat_20260306-20270530,1,1,1,1,1,1,0,20260306,20270530
Mon-Tue-Wed-Thu-Fri-Sat_20260114-20270530,1,1,1,1,1,1,0,20260114,20270530
Mon-Tue-Wed-Thu-Fri-Sat_20260324-20270530,1,1,1,1,1,1,0,20260324,20270530
Mon-Tue-Wed-Thu-Fri-Sat_20260131-20270530,1,1,1,1,1,1,0,20260131,20270530
Mon-Tue-Wed-Thu-Fri-Sat_20260220-20270530,1,1,1,1,1,1,0,20260220,20270530
Mon-Tue-Wed-Thu-Fri-Sat_20250101-20270530,1,1,1,1,1,1,0,20250101,20270530
Mon-Tue-Wed-Thu-Fri-Sat_20260224-20270530,1,1,1,1,1,1,0,20260224,20270530
Mon-Tue-Wed-Thu-Fri-Sat_20260210-20270530,1,1,1,1,1,1,0,20260210,20270530
Mon-Tue-Wed-Thu-Fri-Sat_20251201-20270530,1,1,1,1,1,1,0,20251201,20270530
Mon-Tue-Wed-Thu-Fri-Sat_20260219-20270530,1,1,1,1,1,1,0,20260219,20270530
Mon-Tue-Wed-Thu-Fri-Sat_20260326-20270530,1,1,1,1,1,1,0,20260326,20270530
Mon-Tue-Wed-Thu-Fri-Sat_20260213-20270530,1,1,1,1,1,1,0,20260213,20270530
Mon-Tue-Wed-Thu-Fri-Sat_20260303-20270530,1,1,1,1,1,1,0,20260303,20270530
Mon-Tue-Wed-Thu-Fri-Sat_20260207-20270530,1,1,1,1,1,1,0,20260207,20270530
Mon-Tue-Wed-Thu-Fri-Sat_20260204-20270530,1,1,1,1,1,1,0,20260204,20270530
Mon-Tue-Wed-Thu-Fri-Sat_20260227-20270530,1,1,1,1,1,1,0,20260227,20270530
Mon-Tue-Wed-Thu-Fri-Sat_20260228-20270530,1,1,1,1,1,1,0,20260228,20270530
Mon-Tue-Wed-Thu-Fri-Sat_20260301-20270530,1,1,1,1,1,1,0,20260301,20270530
Mon-Tue-Wed-Thu-Fri-Sat_20250710-20270530,1,1,1,1,1,1,0,20250710,20270530
Mon-Tue-Wed-Thu-Fri-Sat_20260105-20270530,1,1,1,1,1,1,0,20260105,20270530
Mon-Tue-Wed-Thu-Fri-Sat_20260126-20270530,1,1,1,1,1,1,0,20260126,20270530
Mon-Tue-Wed-Thu-Fri-Sat_20251121-20270530,1,1,1,1,1,1,0,20251121,20270530
Mon-Tue-Wed-Thu-Fri-Sat_20260101-20270313,1,1,1,1,1,1,0,20260101,20270313
Mon-Tue-Wed-Thu-Fri-Sat_20260320-20270530,1,1,1,1,1,1,0,20260320,20270530
Mon-Tue-Wed-Thu-Fri-Sat_20260101-20270530,1,1,1,1,1,1,0,20260101,20270530
Mon-Tue-Wed-Thu-Fri-Sat_20260304-20260702,1,1,1,1,1,1,0,20260304,20260702
Mon-Tue-Wed-Thu-Fri-Sat_20260102-20270530,1,1,1,1,1,1,0,20260102,20270530
Mon-Tue-Wed-Thu-Fri-Sun_20260205-20270530,1,1,1,1,1,0,1,20260205,20270530
Mon-Tue-Wed-Thu-Fri-Sun_20260103-20270530,1,1,1,1,1,0,1,20260103,20270530
Mon-Tue-Wed-Thu-Fri-Sun_20260213-20270530,1,1,1,1,1,0,1,20260213,20270530
Mon-Tue-Wed-Thu-Fri-Sun_20260101-20270530,1,1,1,1,1,0,1,20260101,20270530
Mon-Tue-Wed-Thu-Fri-Sun_20260301-20270530,1,1,1,1,1,0,1,20260301,20270530
Mon-Tue-Wed-Thu-Fri-Sun_20260319-20270530,1,1,1,1,1,0,1,20260319,20270530
Mon-Tue-Wed-Thu-Fri-Sun_20260303-20270530,1,1,1,1,1,0,1,20260303,20270530
Mon-Tue-Wed-Thu-Fri-Sun_20260326-20270530,1,1,1,1,1,0,1,20260326,20270530
Mon-Tue-Wed-Thu-Fri-Sun_20250710-20270530,1,1,1,1,1,0,1,20250710,20270530
Mon-Tue-Wed-Thu-Fri-Sun_20260227-20270530,1,1,1,1,1,0,1,20260227,20270530
Mon-Tue-Wed-Thu-Fri-Sun_20260320-20270530,1,1,1,1,1,0,1,20260320,20270530
Mon-Tue-Wed-Thu-Fri-Sun_20260101-20260331,1,1,1,1,1,0,1,20260101,20260331
Mon-Tue-Wed-Thu-Fri-Sun_20260329-20270530,1,1,1,1,1,0,1,20260329,20270530
Mon-Tue-Wed-Thu-Fri-Sun_20260214-20270530,1,1,1,1,1,0,1,20260214,20270530
Mon-Tue-Wed-Thu-Fri_20260326-20270530,1,1,1,1,1,0,0,20260326,20270530
Mon-Tue-Wed-Thu-Fri_20260106-20270530,1,1,1,1,1,0,0,20260106,20270530
Mon-Tue-Wed-Thu-Fri_20260217-20270530,1,1,1,1,1,0,0,20260217,20270530
Mon-Tue-Wed-Thu-Fri_20260330-20260331,1,1,1,1,1,0,0,20260330,20260331
Mon-Tue-Wed-Thu-Fri_20260127-20270530,1,1,1,1,1,0,0,20260127,20270530
Mon-Tue-Wed-Thu-Fri_20260101-20270530,1,1,1,1,1,0,0,20260101,20270530
Mon-Tue-Wed-Thu-Fri_20260126-20270530,1,1,1,1,1,0,0,20260126,20270530
Mon-Tue-Wed-Thu-Fri_20260313-20270530,1,1,1,1,1,0,0,20260313,20270530
Mon-Tue-Wed-Thu-Fri_20260316-20270530,1,1,1,1,1,0,0,20260316,20270530
Mon-Tue-Wed-Thu-Fri_20260317-20270530,1,1,1,1,1,0,0,20260317,20270530
Mon-Tue-Wed-Thu-Sat-Sun_20260315-20270530,1,1,1,1,0,1,1,20260315,20270530
Mon-Tue-Wed-Thu-Sat-Sun_20260314-20270530,1,1,1,1,0,1,1,20260314,20270530
Mon-Tue-Wed-Thu-Sat-Sun_20260101-20270530,1,1,1,1,0,1,1,20260101,20270530
Mon-Tue-Wed-Thu-Sat-Sun_20260103-20270530,1,1,1,1,0,1,1,20260103,20270530
Mon-Tue-Wed-Thu-Sat_20260213-20270530,1,1,1,1,0,1,0,20260213,20270530
Mon-Tue-Wed-Thu-Sat_20260101-20270530,1,1,1,1,0,1,0,20260101,20270530
Mon-Tue-Wed-Thu-Sun_20260301-20260331,1,1,1,1,0,0,1,20260301,20260331
Mon-Tue-Wed-Thu_20260101-20270530,1,1,1,1,0,0,0,20260101,20270530
Mon-Tue-Wed-Thu_20260312-20270530,1,1,1,1,0,0,0,20260312,20270530
Mon-Tue-Wed-Fri-Sat-Sun_20260220-20270530,1,1,1,0,1,1,1,20260220,20270530
Mon-Tue-Wed-Fri-Sat-Sun_20260101-20260502,1,1,1,0,1,1,1,20260101,20260502
Mon-Tue-Wed-Fri-Sat-Sun_20260315-20270530,1,1,1,0,1,1,1,20260315,20270530
Mon-Tue-Wed-Fri-Sat-Sun_20260101-20270530,1,1,1,0,1,1,1,20260101,20270530
Mon-Tue-Wed-Fri-Sat-Sun_20260123-20270530,1,1,1,0,1,1,1,20260123,20270530
Mon-Tue-Wed-Fri-Sat-Sun_20260316-20270530,1,1,1,0,1,1,1,20260316,20270530
Mon-Tue-Wed-Fri-Sat-Sun_20260102-20270530,1,1,1,0,1,1,1,20260102,20270530
Mon-Tue-Wed-Fri-Sat-Sun_20260313-20270530,1,1,1,0,1,1,1,20260313,20270530
Mon-Tue-Wed-Fri-Sat_20260302-20260331,1,1,1,0,1,1,0,20260302,20260331
Mon-Tue-Wed-Fri-Sat_20260122-20270530,1,1,1,0,1,1,0,20260122,20270530
Mon-Tue-Wed-Fri-Sat_20260320-20270530,1,1,1,0,1,1,0,20260320,20270530
Mon-Tue-Wed-Fri-Sat_20260306-20270530,1,1,1,0,1,1,0,20260306,20270530
Mon-Tue-Wed-Fri-Sat_20260220-20270530,1,1,1,0,1,1,0,20260220,20270530
Mon-Tue-Wed-Fri-Sat_20260324-20270530,1,1,1,0,1,1,0,20260324,20270530
Mon-Tue-Wed-Fri-Sat_20260101-20270530,1,1,1,0,1,1,0,20260101,20270530
Mon-Tue-Wed-Fri-Sun_20260101-20270530,1,1,1,0,1,0,1,20260101,20270530
Mon-Tue-Wed-Fri_20260101-20260412,1,1,1,0,1,0,0,20260101,20260412
Mon-Tue-Wed-Fri_20260326-20270530,1,1,1,0,1,0,0,20260326,20270530
Mon-Tue-Wed-Fri_20260128-20270530,1,1,1,0,1,0,0,20260128,20270530
Mon-Tue-Wed-Fri_20260101-20270530,1,1,1,0,1,0,0,20260101,20270530
Mon-Tue-Wed-Sat-Sun_20260301-20260331,1,1,1,0,0,1,1,20260301,20260331
Mon-Tue-Wed-Sat_20260101-20270530,1,1,1,0,0,1,0,20260101,20270530
Mon-Tue-Wed-Sun_20260101-20270530,1,1,1,0,0,0,1,20260101,20270530
Mon-Tue-Wed_20260101-20270530,1,1,1,0,0,0,0,20260101,20270530
Mon-Tue-Wed_20260213-20270530,1,1,1,0,0,0,0,20260213,20270530
Mon-Tue-Thu-Fri-Sat-Sun_20260306-20270530,1,1,0,1,1,1,1,20260306,20270530
Mon-Tue-Thu-Fri-Sat-Sun_20260220-20270530,1,1,0,1,1,1,1,20260220,20270530
Mon-Tue-Thu-Fri-Sat-Sun_20260122-20270530,1,1,0,1,1,1,1,20260122,20270530
Mon-Tue-Thu-Fri-Sat-Sun_20260101-20260502,1,1,0,1,1,1,1,20260101,20260502
Mon-Tue-Thu-Fri-Sat-Sun_20260101-20260401,1,1,0,1,1,1,1,20260101,20260401
Mon-Tue-Thu-Fri-Sat-Sun_20260324-20270530,1,1,0,1,1,1,1,20260324,20270530
Mon-Tue-Thu-Fri-Sat-Sun_20260319-20270530,1,1,0,1,1,1,1,20260319,20270530
Mon-Tue-Thu-Fri-Sat-Sun_20260315-20270530,1,1,0,1,1,1,1,20260315,20270530
Mon-Tue-Thu-Fri-Sat-Sun_20260101-20270530,1,1,0,1,1,1,1,20260101,20270530
Mon-Tue-Thu-Fri-Sat_20260314-20270530,1,1,0,1,1,1,0,20260314,20270530
Mon-Tue-Thu-Fri-Sat_20260101-20270530,1,1,0,1,1,1,0,20260101,20270530
Mon-Tue-Thu-Fri-Sat_20260228-20270530,1,1,0,1,1,1,0,20260228,20270530
Mon-Tue-Thu-Fri-Sun_20260414-20260507,1,1,0,1,1,0,1,20260414,20260507
Mon-Tue-Thu-Fri-Sun_20260101-20270530,1,1,0,1,1,0,1,20260101,20270530
Mon-Tue-Thu-Fri-Sun_20260125-20270530,1,1,0,1,1,0,1,20260125,20270530
Mon-Tue-Thu-Fri-Sun_20260301-20260331,1,1,0,1,1,0,1,20260301,20260331
Mon-Tue-Thu-Fri_20260401-20270530,1,1,0,1,1,0,0,20260401,20270530
Mon-Tue-Thu-Fri_20260326-20270530,1,1,0,1,1,0,0,20260326,20270530
Mon-Tue-Thu-Fri_20260130-20270530,1,1,0,1,1,0,0,20260130,20270530
Mon-Tue-Thu-Fri_20260316-20270530,1,1,0,1,1,0,0,20260316,20270530
Mon-Tue-Thu-Fri_20260101-20270530,1,1,0,1,1,0,0,20260101,20270530
Mon-Tue-Thu-Sat-Sun_20260123-20270530,1,1,0,1,0,1,1,20260123,20270530
Mon-Tue-Thu-Sat-Sun_20260101-20270530,1,1,0,1,0,1,1,20260101,20270530
Mon-Tue-Thu-Sat_20260324-20270530,1,1,0,1,0,1,0,20260324,20270530
Mon-Tue-Thu-Sat_20260112-20270530,1,1,0,1,0,1,0,20260112,20270530
Mon-Tue-Thu-Sat_20260302-20260331,1,1,0,1,0,1,0,20260302,20260331
Mon-Tue-Thu-Sat_20260218-20270530,1,1,0,1,0,1,0,20260218,20270530
Mon-Tue-Thu-Sat_20260101-20270530,1,1,0,1,0,1,0,20260101,20270530
Mon-Tue-Thu-Sat_20260317-20270530,1,1,0,1,0,1,0,20260317,20270530
Mon-Tue-Thu-Sat_20260226-20270530,1,1,0,1,0,1,0,20260226,20270530
Mon-Tue-Thu-Sun_20260101-20270530,1,1,0,1,0,0,1,20260101,20270530
Mon-Tue-Thu_20260302-20270530,1,1,0,1,0,0,0,20260302,20270530
Mon-Tue-Thu_20260326-20270530,1,1,0,1,0,0,0,20260326,20270530
Mon-Tue-Thu_20260312-20270530,1,1,0,1,0,0,0,20260312,20270530
Mon-Tue-Thu_20260101-20270530,1,1,0,1,0,0,0,20260101,20270530
Mon-Tue-Thu_20260130-20270530,1,1,0,1,0,0,0,20260130,20270530
Mon-Tue-Fri-Sat-Sun_20260101-20270530,1,1,0,0,1,1,1,20260101,20270530
Mon-Tue-Fri-Sat_20260206-20270530,1,1,0,0,1,1,0,20260206,20270530
Mon-Tue-Fri-Sat_20260316-20260330,1,1,0,0,1,1,0,20260316,20260330
Mon-Tue-Fri-Sat_20260103-20270530,1,1,0,0,1,1,0,20260103,20270530
Mon-Tue-Fri-Sat_20260326-20270530,1,1,0,0,1,1,0,20260326,20270530
Mon-Tue-Fri-Sat_20260307-20270530,1,1,0,0,1,1,0,20260307,20270530
Mon-Tue-Fri-Sun_20260102-20270530,1,1,0,0,1,0,1,20260102,20270530
Mon-Tue-Fri_20260316-20270530,1,1,0,0,1,0,0,20260316,20270530
Mon-Tue-Fri_20260306-20270530,1,1,0,0,1,0,0,20260306,20270530
Mon-Tue-Fri_20260210-20270530,1,1,0,0,1,0,0,20260210,20270530
Mon-Tue-Sat_20260101-20270530,1,1,0,0,0,1,0,20260101,20270530
Mon-Tue-Sat_20260310-20260430,1,1,0,0,0,1,0,20260310,20260430
Mon-Tue-Sun_20260101-20270530,1,1,0,0,0,0,1,20260101,20270530
Mon-Tue-Sun_20260213-20270530,1,1,0,0,0,0,1,20260213,20270530
Mon-Tue_20260101-20270530,1,1,0,0,0,0,0,20260101,20270530
Mon-Tue_20260328-20270530,1,1,0,0,0,0,0,20260328,20270530
Mon-Tue_20260316-20270530,1,1,0,0,0,0,0,20260316,20270530
Mon-Wed-Thu-Fri-Sat-Sun_20260102-20270530,1,0,1,1,1,1,1,20260102,20270530
Mon-Wed-Thu-Fri-Sat-Sun_20260224-20270530,1,0,1,1,1,1,1,20260224,20270530
Mon-Wed-Thu-Fri-Sat-Sun_20260323-20270530,1,0,1,1,1,1,1,20260323,20270530
Mon-Wed-Thu-Fri-Sat-Sun_20260317-20270530,1,0,1,1,1,1,1,20260317,20270530
Mon-Wed-Thu-Fri-Sat-Sun_20260322-20270530,1,0,1,1,1,1,1,20260322,20270530
Mon-Wed-Thu-Fri-Sat-Sun_20260101-20260505,1,0,1,1,1,1,1,20260101,20260505
Mon-Wed-Thu-Fri-Sat-Sun_20260101-20270530,1,0,1,1,1,1,1,20260101,20270530
Mon-Wed-Thu-Fri-Sat-Sun_20260101-20260331,1,0,1,1,1,1,1,20260101,20260331
Mon-Wed-Thu-Fri-Sat-Sun_20260302-20270530,1,0,1,1,1,1,1,20260302,20270530
Mon-Wed-Thu-Fri-Sat-Sun_20260329-20270530,1,0,1,1,1,1,1,20260329,20270530
Mon-Wed-Thu-Fri-Sat-Sun_20260305-20270530,1,0,1,1,1,1,1,20260305,20270530
Mon-Wed-Thu-Fri-Sat-Sun_20260314-20270530,1,0,1,1,1,1,1,20260314,20270530
Mon-Wed-Thu-Fri-Sat-Sun_20260306-20270530,1,0,1,1,1,1,1,20260306,20270530
Mon-Wed-Thu-Fri-Sat-Sun_20260326-20270530,1,0,1,1,1,1,1,20260326,20270530
Mon-Wed-Thu-Fri-Sat-Sun_20260201-20270530,1,0,1,1,1,1,1,20260201,20270530
Mon-Wed-Thu-Fri-Sat-Sun_20260112-20270530,1,0,1,1,1,1,1,20260112,20270530
Mon-Wed-Thu-Fri-Sat-Sun_20260118-20270530,1,0,1,1,1,1,1,20260118,20270530
Mon-Wed-Thu-Fri-Sat-Sun_20260315-20270530,1,0,1,1,1,1,1,20260315,20270530
Mon-Wed-Thu-Fri-Sat_20260213-20270530,1,0,1,1,1,1,0,20260213,20270530
Mon-Wed-Thu-Fri-Sun_20260301-20270530,1,0,1,1,1,0,1,20260301,20270530
Mon-Wed-Thu-Fri-Sun_20260318-20270530,1,0,1,1,1,0,1,20260318,20270530
Mon-Wed-Thu-Fri-Sun_20260325-20270530,1,0,1,1,1,0,1,20260325,20270530
Mon-Wed-Thu-Fri-Sun_20260101-20270530,1,0,1,1,1,0,1,20260101,20270530
Mon-Wed-Thu-Fri_20260101-20270530,1,0,1,1,1,0,0,20260101,20270530
Mon-Wed-Thu-Sat-Sun_20260228-20270530,1,0,1,1,0,1,1,20260228,20270530
Mon-Wed-Thu-Sat-Sun_20260101-20260331,1,0,1,1,0,1,1,20260101,20260331
Mon-Wed-Thu-Sat-Sun_20260101-20270530,1,0,1,1,0,1,1,20260101,20270530
Mon-Wed-Thu-Sat-Sun_20260413-20260507,1,0,1,1,0,1,1,20260413,20260507
Mon-Wed-Thu-Sat-Sun_20260211-20270530,1,0,1,1,0,1,1,20260211,20270530
Mon-Wed-Thu-Sat_20260101-20260331,1,0,1,1,0,1,0,20260101,20260331
Mon-Wed-Thu-Sat_20260316-20270530,1,0,1,1,0,1,0,20260316,20270530
Mon-Wed-Thu-Sat_20260101-20270530,1,0,1,1,0,1,0,20260101,20270530
Mon-Wed-Thu-Sat_20260314-20270530,1,0,1,1,0,1,0,20260314,20270530
Mon-Wed-Thu-Sat_20260324-20270530,1,0,1,1,0,1,0,20260324,20270530
Mon-Wed-Thu-Sat_20260326-20270530,1,0,1,1,0,1,0,20260326,20270530
Mon-Wed-Thu-Sun_20260211-20270530,1,0,1,1,0,0,1,20260211,20270530
Mon-Wed-Thu-Sun_20260315-20270530,1,0,1,1,0,0,1,20260315,20270530
Mon-Wed-Thu-Sun_20260101-20270530,1,0,1,1,0,0,1,20260101,20270530
Mon-Wed-Thu-Sun_20260326-20270530,1,0,1,1,0,0,1,20260326,20270530
Mon-Wed-Thu_20260204-20270530,1,0,1,1,0,0,0,20260204,20270530
Mon-Wed-Fri-Sat-Sun_20260101-20270530,1,0,1,0,1,1,1,20260101,20270530
Mon-Wed-Fri-Sat-Sun_20260206-20270530,1,0,1,0,1,1,1,20260206,20270530
Mon-Wed-Fri-Sat_20260304-20270530,1,0,1,0,1,1,0,20260304,20270530
Mon-Wed-Fri-Sat_20260326-20270530,1,0,1,0,1,1,0,20260326,20270530
Mon-Wed-Fri-Sat_20260309-20270530,1,0,1,0,1,1,0,20260309,20270530
Mon-Wed-Fri-Sat_20260101-20270530,1,0,1,0,1,1,0,20260101,20270530
Mon-Wed-Fri-Sat_20260327-20261231,1,0,1,0,1,1,0,20260327,20261231
Mon-Wed-Fri-Sun_20260318-20270530,1,0,1,0,1,0,1,20260318,20270530
Mon-Wed-Fri-Sun_20260301-20270530,1,0,1,0,1,0,1,20260301,20270530
Mon-Wed-Fri-Sun_20260101-20270530,1,0,1,0,1,0,1,20260101,20270530
Mon-Wed-Fri_20260306-20270530,1,0,1,0,1,0,0,20260306,20270530
Mon-Wed-Fri_20260121-20270530,1,0,1,0,1,0,0,20260121,20270530
Mon-Wed-Fri_20260102-20270530,1,0,1,0,1,0,0,20260102,20270530
Mon-Wed-Fri_20260105-20270530,1,0,1,0,1,0,0,20260105,20270530
Mon-Wed-Fri_20260131-20270530,1,0,1,0,1,0,0,20260131,20270530
Mon-Wed-Fri_20260323-20270530,1,0,1,0,1,0,0,20260323,20270530
Mon-Wed-Fri_20260318-20270530,1,0,1,0,1,0,0,20260318,20270530
Mon-Wed-Fri_20260324-20270530,1,0,1,0,1,0,0,20260324,20270530
Mon-Wed-Fri_20260302-20260331,1,0,1,0,1,0,0,20260302,20260331
Mon-Wed-Fri_20260101-20270530,1,0,1,0,1,0,0,20260101,20270530
Mon-Wed-Fri_20260119-20270530,1,0,1,0,1,0,0,20260119,20270530
Mon-Wed-Fri_20260317-20270530,1,0,1,0,1,0,0,20260317,20270530
Mon-Wed-Fri_20260225-20260331,1,0,1,0,1,0,0,20260225,20260331
Mon-Wed-Fri_20260213-20270530,1,0,1,0,1,0,0,20260213,20270530
Mon-Wed-Fri_20260327-20270530,1,0,1,0,1,0,0,20260327,20270530
Mon-Wed-Sat_20260330-20260330,1,0,1,0,0,1,0,20260330,20260330
Mon-Wed-Sat_20260318-20260331,1,0,1,0,0,1,0,20260318,20260331
Mon-Wed-Sat_20260205-20270530,1,0,1,0,0,1,0,20260205,20270530
Mon-Wed-Sat_20260223-20270530,1,0,1,0,0,1,0,20260223,20270530
Mon-Wed-Sat_20260326-20270530,1,0,1,0,0,1,0,20260326,20270530
Mon-Wed-Sat_20260121-20270530,1,0,1,0,0,1,0,20260121,20270530
Mon-Wed-Sat_20260128-20270530,1,0,1,0,0,1,0,20260128,20270530
Mon-Wed-Sat_20260307-20270530,1,0,1,0,0,1,0,20260307,20270530
Mon-Wed-Sat_20260101-20260414,1,0,1,0,0,1,0,20260101,20260414
Mon-Wed-Sat_20260101-20270530,1,0,1,0,0,1,0,20260101,20270530
Mon-Wed-Sat_20260325-20270530,1,0,1,0,0,1,0,20260325,20270530
Mon-Wed-Sat_20260301-20260328,1,0,1,0,0,1,0,20260301,20260328
Mon-Wed-Sun_20260203-20270530,1,0,1,0,0,0,1,20260203,20270530
Mon-Wed-Sun_20260101-20270530,1,0,1,0,0,0,1,20260101,20270530
Mon-Wed_20260101-20270530,1,0,1,0,0,0,0,20260101,20270530
Mon-Wed_20260316-20270530,1,0,1,0,0,0,0,20260316,20270530
Mon-Wed_20260309-20260330,1,0,1,0,0,0,0,20260309,20260330
Mon-Wed_20260223-20270530,1,0,1,0,0,0,0,20260223,20270530
Mon-Wed_20260213-20270530,1,0,1,0,0,0,0,20260213,20270530
Mon-Wed_20260318-20270530,1,0,1,0,0,0,0,20260318,20270530
Mon-Wed_20260317-20270530,1,0,1,0,0,0,0,20260317,20270530
Mon-Wed_20260226-20270530,1,0,1,0,0,0,0,20260226,20270530
Mon-Wed_20260325-20270530,1,0,1,0,0,0,0,20260325,20270530
Mon-Thu-Fri-Sat-Sun_20260314-20270530,1,0,0,1,1,1,1,20260314,20270530
Mon-Thu-Fri-Sat-Sun_20260302-20260330,1,0,0,1,1,1,1,20260302,20260330
Mon-Thu-Fri-Sat-Sun_20260101-20270530,1,0,0,1,1,1,1,20260101,20270530
Mon-Thu-Fri-Sat-Sun_20260301-20270530,1,0,0,1,1,1,1,20260301,20270530
Mon-Thu-Fri-Sun_20260205-20270530,1,0,0,1,1,0,1,20260205,20270530
Mon-Thu-Fri-Sun_20260319-20270530,1,0,0,1,1,0,1,20260319,20270530
Mon-Thu-Fri_20260101-20270530,1,0,0,1,1,0,0,20260101,20270530
Mon-Thu-Fri_20260214-20270530,1,0,0,1,1,0,0,20260214,20270530
Mon-Thu-Fri_20260102-20270530,1,0,0,1,1,0,0,20260102,20270530
Mon-Thu-Fri_20260306-20270530,1,0,0,1,1,0,0,20260306,20270530
Mon-Thu-Fri_20260227-20270530,1,0,0,1,1,0,0,20260227,20270530
Mon-Thu-Sat-Sun_20260101-20270530,1,0,0,1,0,1,1,20260101,20270530
Mon-Thu-Sat-Sun_20260115-20260415,1,0,0,1,0,1,1,20260115,20260415
Mon-Thu-Sat_20260307-20270530,1,0,0,1,0,1,0,20260307,20270530
Mon-Thu-Sat_20260227-20270530,1,0,0,1,0,1,0,20260227,20270530
Mon-Thu-Sat_20260101-20260415,1,0,0,1,0,1,0,20260101,20260415
Mon-Thu-Sat_20260217-20270314,1,0,0,1,0,1,0,20260217,20270314
Mon-Thu-Sat_20260205-20270530,1,0,0,1,0,1,0,20260205,20270530
Mon-Thu-Sat_20260206-20270530,1,0,0,1,0,1,0,20260206,20270530
Mon-Thu-Sat_20260312-20270530,1,0,0,1,0,1,0,20260312,20270530
Mon-Thu-Sat_20260314-20270530,1,0,0,1,0,1,0,20260314,20270530
Mon-Thu-Sat_20260101-20270530,1,0,0,1,0,1,0,20260101,20270530
Mon-Thu-Sat_20260213-20270530,1,0,0,1,0,1,0,20260213,20270530
Mon-Thu-Sat_20260319-20270530,1,0,0,1,0,1,0,20260319,20270530
Mon-Thu-Sat_20260212-20270530,1,0,0,1,0,1,0,20260212,20270530
Mon-Thu-Sun_20260416-20260507,1,0,0,1,0,0,1,20260416,20260507
Mon-Thu-Sun_20260101-20260415,1,0,0,1,0,0,1,20260101,20260415
Mon-Thu-Sun_20260308-20270530,1,0,0,1,0,0,1,20260308,20270530
Mon-Thu-Sun_20260101-20270530,1,0,0,1,0,0,1,20260101,20270530
Mon-Thu_20260309-20260330,1,0,0,1,0,0,0,20260309,20260330
Mon-Thu_20260316-20270530,1,0,0,1,0,0,0,20260316,20270530
Mon-Thu_20260316-20260330,1,0,0,1,0,0,0,20260316,20260330
Mon-Thu_20260216-20270530,1,0,0,1,0,0,0,20260216,20270530
Mon-Thu_20260209-20270530,1,0,0,1,0,0,0,20260209,20270530
Mon-Thu_20260205-20270530,1,0,0,1,0,0,0,20260205,20270530
Mon-Thu_20260319-20270530,1,0,0,1,0,0,0,20260319,20270530
Mon-Thu_20260101-20260503,1,0,0,1,0,0,0,20260101,20260503
Mon-Thu_20260326-20270530,1,0,0,1,0,0,0,20260326,20270530
Mon-Thu_20260213-20270530,1,0,0,1,0,0,0,20260213,20270530
Mon-Thu_20260202-20260401,1,0,0,1,0,0,0,20260202,20260401
Mon-Thu_20260324-20270530,1,0,0,1,0,0,0,20260324,20270530
Mon-Thu_20260105-20270530,1,0,0,1,0,0,0,20260105,20270530
Mon-Thu_20260115-20270530,1,0,0,1,0,0,0,20260115,20270530
Mon-Thu_20260317-20270530,1,0,0,1,0,0,0,20260317,20270530
Mon-Thu_20260101-20270530,1,0,0,1,0,0,0,20260101,20270530
Mon-Thu_20260227-20260330,1,0,0,1,0,0,0,20260227,20260330
Mon-Fri-Sat-Sun_20260327-20260330,1,0,0,0,1,1,1,20260327,20260330
Mon-Fri-Sat_20260101-20270530,1,0,0,0,1,1,0,20260101,20270530
Mon-Fri-Sat_20260320-20260330,1,0,0,0,1,1,0,20260320,20260330
Mon-Fri-Sun_20260101-20270530,1,0,0,0,1,0,1,20260101,20270530
Mon-Fri_20260206-20270530,1,0,0,0,1,0,0,20260206,20270530
Mon-Fri_20260316-20270530,1,0,0,0,1,0,0,20260316,20270530
Mon-Fri_20260103-20270530,1,0,0,0,1,0,0,20260103,20270530
Mon-Fri_20260301-20260330,1,0,0,0,1,0,0,20260301,20260330
Mon-Fri_20260324-20270530,1,0,0,0,1,0,0,20260324,20270530
Mon-Fri_20260130-20270530,1,0,0,0,1,0,0,20260130,20270530
Mon-Fri_20260101-20270530,1,0,0,0,1,0,0,20260101,20270530
Mon-Fri_20260306-20270530,1,0,0,0,1,0,0,20260306,20270530
Mon-Fri_20260317-20270530,1,0,0,0,1,0,0,20260317,20270530
Mon-Fri_20260317-20260402,1,0,0,0,1,0,0,20260317,20260402
Mon-Fri_20260320-20270530,1,0,0,0,1,0,0,20260320,20270530
Mon-Fri_20260327-20260416,1,0,0,0,1,0,0,20260327,20260416
Mon-Fri_20260213-20270530,1,0,0,0,1,0,0,20260213,20270530
Mon-Fri_20260101-20260402,1,0,0,0,1,0,0,20260101,20260402
Mon-Fri_20260313-20260330,1,0,0,0,1,0,0,20260313,20260330
Mon-Sat-Sun_20260101-20270530,1,0,0,0,0,1,1,20260101,20270530
Mon-Sat_20260317-20270530,1,0,0,0,0,1,0,20260317,20270530
Mon-Sat_20260302-20260331,1,0,0,0,0,1,0,20260302,20260331
Mon-Sat_20260126-20270530,1,0,0,0,0,1,0,20260126,20270530
Mon-Sat_20260201-20270530,1,0,0,0,0,1,0,20260201,20270530
Mon-Sat_20260321-20270530,1,0,0,0,0,1,0,20260321,20270530
Mon-Sat_20260326-20270530,1,0,0,0,0,1,0,20260326,20270530
Mon-Sat_20260307-20260330,1,0,0,0,0,1,0,20260307,20260330
Mon-Sat_20260314-20270530,1,0,0,0,0,1,0,20260314,20270530
Mon-Sat_20260330-20260331,1,0,0,0,0,1,0,20260330,20260331
Mon-Sat_20260328-20260330,1,0,0,0,0,1,0,20260328,20260330
Mon-Sat_20260101-20270530,1,0,0,0,0,1,0,20260101,20270530
Mon-Sat_20260110-20270530,1,0,0,0,0,1,0,20260110,20270530
Mon-Sat_20260523-20270530,1,0,0,0,0,1,0,20260523,20270530
Mon-Sun_20260302-20260330,1,0,0,0,0,0,1,20260302,20260330
Mon-Sun_20260213-20270530,1,0,0,0,0,0,1,20260213,20270530
Mon-Sun_20260111-20270530,1,0,0,0,0,0,1,20260111,20270530
Mon-Sun_20260329-20270530,1,0,0,0,0,0,1,20260329,20270530
Mon-Sun_20260317-20270530,1,0,0,0,0,0,1,20260317,20270530
Mon_20260317-20260331,1,0,0,0,0,0,0,20260317,20260331
Mon_20260406-20260413,1,0,0,0,0,0,0,20260406,20260413
Mon_20260406-20270530,1,0,0,0,0,0,0,20260406,20270530
Mon_20260323-20260328,1,0,0,0,0,0,0,20260323,20260328
Mon_20260225-20260330,1,0,0,0,0,0,0,20260225,20260330
Mon_20260101-20260329,1,0,0,0,0,0,0,20260101,20260329
Mon_20260330-20260402,1,0,0,0,0,0,0,20260330,20260402
Mon_20260101-20260503,1,0,0,0,0,0,0,20260101,20260503
Mon_20260309-20260330,1,0,0,0,0,0,0,20260309,20260330
Mon_20260127-20270530,1,0,0,0,0,0,0,20260127,20270530
Mon_20260507-20270530,1,0,0,0,0,0,0,20260507,20270530
Mon_20260316-20270303,1,0,0,0,0,0,0,20260316,20270303
Mon_20260101-20270530,1,0,0,0,0,0,0,20260101,20270530
Mon_20260406-20260414,1,0,0,0,0,0,0,20260406,20260414
Mon_20260323-20260329,1,0,0,0,0,0,0,20260323,20260329
Mon_20260314-20270530,1,0,0,0,0,0,0,20260314,20270530
Mon_20260301-20260331,1,0,0,0,0,0,0,20260301,20260331
Mon_20260326-20270530,1,0,0,0,0,0,0,20260326,20270530
Mon_20260213-20270530,1,0,0,0,0,0,0,20260213,20270530
Mon_20260317-20270530,1,0,0,0,0,0,0,20260317,20270530
Mon_20260326-20260330,1,0,0,0,0,0,0,20260326,20260330
Mon_20260119-20270530,1,0,0,0,0,0,0,20260119,20270530
Mon_20260112-20270530,1,0,0,0,0,0,0,20260112,20270530
Mon_20260202-20270530,1,0,0,0,0,0,0,20260202,20270530
Mon_20260406-20261231,1,0,0,0,0,0,0,20260406,20261231
Mon_20260316-20260330,1,0,0,0,0,0,0,20260316,20260330
Mon_20260225-20260613,1,0,0,0,0,0,0,20260225,20260613
Mon_20260209-20270530,1,0,0,0,0,0,0,20260209,20270530
Mon_20260407-20261231,1,0,0,0,0,0,0,20260407,20261231
Mon_20260214-20270530,1,0,0,0,0,0,0,20260214,20270530
Mon_20260302-20260330,1,0,0,0,0,0,0,20260302,20260330
Mon_20260324-20260331,1,0,0,0,0,0,0,20260324,20260331
Mon_20260302-20270530,1,0,0,0,0,0,0,20260302,20270530
Mon_20260319-20270530,1,0,0,0,0,0,0,20260319,20270530
Mon_20260324-20260330,1,0,0,0,0,0,0,20260324,20260330
Mon_20260203-20260329,1,0,0,0,0,0,0,20260203,20260329
Mon_20260301-20260330,1,0,0,0,0,0,0,20260301,20260330
Mon_20260105-20270530,1,0,0,0,0,0,0,20260105,20270530
Mon_20260316-20270530,1,0,0,0,0,0,0,20260316,20270530
Mon_20260420-20260629,1,0,0,0,0,0,0,20260420,20260629
Mon_20260105-20260329,1,0,0,0,0,0,0,20260105,20260329
Mon_20260309-20270530,1,0,0,0,0,0,0,20260309,20270530
Mon_20260302-20260329,1,0,0,0,0,0,0,20260302,20260329
Mon_20260101-20260405,1,0,0,0,0,0,0,20260101,20260405
Mon_20260317-20260330,1,0,0,0,0,0,0,20260317,20260330
Mon_20260302-20260331,1,0,0,0,0,0,0,20260302,20260331
Mon_20260323-20260330,1,0,0,0,0,0,0,20260323,20260330
Mon_20260330-20260330,1,0,0,0,0,0,0,20260330,20260330
Mon_20260101-20261231,1,0,0,0,0,0,0,20260101,20261231
Mon_20260327-20270530,1,0,0,0,0,0,0,20260327,20270530
Mon_20260223-20260330,1,0,0,0,0,0,0,20260223,20260330
Mon_20260216-20270530,1,0,0,0,0,0,0,20260216,20270530
Mon_20260223-20270530,1,0,0,0,0,0,0,20260223,20270530
Mon_20260525-20270530,1,0,0,0,0,0,0,20260525,20270530
Mon_20260309-20260331,1,0,0,0,0,0,0,20260309,20260331
Mon_20260323-20270530,1,0,0,0,0,0,0,20260323,20270530
Mon_20260225-20260331,1,0,0,0,0,0,0,20260225,20260331
Mon_20260225-20270530,1,0,0,0,0,0,0,20260225,20270530
Mon_20260324-20270530,1,0,0,0,0,0,0,20260324,20270530
Tue-Wed-Thu-Fri-Sat-Sun_20260220-20270530,0,1,1,1,1,1,1,20260220,20270530
Tue-Wed-Thu-Fri-Sat-Sun_20260306-20270530,0,1,1,1,1,1,1,20260306,20270530
Tue-Wed-Thu-Fri-Sat-Sun_20260317-20270530,0,1,1,1,1,1,1,20260317,20270530
Tue-Wed-Thu-Fri-Sat-Sun_20260101-20270530,0,1,1,1,1,1,1,20260101,20270530
Tue-Wed-Thu-Fri-Sat-Sun_20260305-20270530,0,1,1,1,1,1,1,20260305,20270530
Tue-Wed-Thu-Fri-Sat-Sun_20260101-20260504,0,1,1,1,1,1,1,20260101,20260504
Tue-Wed-Thu-Fri-Sat-Sun_20260314-20270530,0,1,1,1,1,1,1,20260314,20270530
Tue-Wed-Thu-Fri-Sun_20260317-20270530,0,1,1,1,1,0,1,20260317,20270530
Tue-Wed-Thu-Fri-Sun_20260101-20270530,0,1,1,1,1,0,1,20260101,20270530
Tue-Wed-Thu-Fri_20260101-20270530,0,1,1,1,1,0,0,20260101,20270530
Tue-Wed-Thu-Sat-Sun_20260221-20270530,0,1,1,1,0,1,1,20260221,20270530
Tue-Wed-Thu-Sat-Sun_20260101-20270530,0,1,1,1,0,1,1,20260101,20270530
Tue-Wed-Thu-Sat-Sun_20260320-20270530,0,1,1,1,0,1,1,20260320,20270530
Tue-Wed-Thu-Sat-Sun_20260101-20260331,0,1,1,1,0,1,1,20260101,20260331
Tue-Wed-Thu-Sat-Sun_20260307-20270530,0,1,1,1,0,1,1,20260307,20270530
Tue-Wed-Thu-Sat-Sun_20260205-20270530,0,1,1,1,0,1,1,20260205,20270530
Tue-Wed-Thu-Sat-Sun_20260317-20260401,0,1,1,1,0,1,1,20260317,20260401
Tue-Wed-Thu-Sat_20260127-20260413,0,1,1,1,0,1,0,20260127,20260413
Tue-Wed-Thu-Sat_20260326-20270530,0,1,1,1,0,1,0,20260326,20270530
Tue-Wed-Thu-Sat_20260101-20270530,0,1,1,1,0,1,0,20260101,20270530
Tue-Wed-Thu-Sun_20260326-20270530,0,1,1,1,0,0,1,20260326,20270530
Tue-Wed-Thu_20260101-20270530,0,1,1,1,0,0,0,20260101,20270530
Tue-Wed-Fri-Sat-Sun_20260101-20270530,0,1,1,0,1,1,1,20260101,20270530
Tue-Wed-Fri-Sat-Sun_20260210-20270530,0,1,1,0,1,1,1,20260210,20270530
Tue-Wed-Fri-Sat-Sun_20260314-20270530,0,1,1,0,1,1,1,20260314,20270530
Tue-Wed-Fri-Sat-Sun_20260221-20270530,0,1,1,0,1,1,1,20260221,20270530
Tue-Wed-Fri-Sat-Sun_20260220-20270530,0,1,1,0,1,1,1,20260220,20270530
Tue-Wed-Fri-Sat-Sun_20260323-20270530,0,1,1,0,1,1,1,20260323,20270530
Tue-Wed-Fri-Sat_20260317-20270530,0,1,1,0,1,1,0,20260317,20270530
Tue-Wed-Fri-Sun_20260327-20270530,0,1,1,0,1,0,1,20260327,20270530
Tue-Wed-Fri-Sun_20260320-20270530,0,1,1,0,1,0,1,20260320,20270530
Tue-Wed-Fri-Sun_20260101-20270530,0,1,1,0,1,0,1,20260101,20270530
Tue-Wed-Fri-Sun_20260111-20270530,0,1,1,0,1,0,1,20260111,20270530
Tue-Wed-Fri-Sun_20260217-20270315,0,1,1,0,1,0,1,20260217,20270315
Tue-Wed-Fri-Sun_20260227-20270530,0,1,1,0,1,0,1,20260227,20270530
Tue-Wed-Fri-Sun_20260206-20270530,0,1,1,0,1,0,1,20260206,20270530
Tue-Wed-Fri_20260313-20270530,0,1,1,0,1,0,0,20260313,20270530
Tue-Wed-Fri_20260101-20270530,0,1,1,0,1,0,0,20260101,20270530
Tue-Wed-Sat-Sun_20260317-20260331,0,1,1,0,0,1,1,20260317,20260331
Tue-Wed-Sat-Sun_20260307-20270530,0,1,1,0,0,1,1,20260307,20270530
Tue-Wed-Sat-Sun_20260214-20270530,0,1,1,0,0,1,1,20260214,20270530
Tue-Wed-Sat_20260307-20270530,0,1,1,0,0,1,0,20260307,20270530
Tue-Wed-Sat_20260103-20270530,0,1,1,0,0,1,0,20260103,20270530
Tue-Wed-Sat_20260205-20270530,0,1,1,0,0,1,0,20260205,20270530
Tue-Wed-Sat_20260101-20270530,0,1,1,0,0,1,0,20260101,20270530
Tue-Wed-Sun_20260101-20270530,0,1,1,0,0,0,1,20260101,20270530
Tue-Wed-Sun_20260317-20270530,0,1,1,0,0,0,1,20260317,20270530
Tue-Wed_20260317-20270530,0,1,1,0,0,0,0,20260317,20270530
Tue-Wed_20260101-20270530,0,1,1,0,0,0,0,20260101,20270530
Tue-Wed_20260318-20270530,0,1,1,0,0,0,0,20260318,20270530
Tue-Wed_20260218-20270530,0,1,1,0,0,0,0,20260218,20270530
Tue-Thu-Fri-Sat_20260117-20270530,0,1,0,1,1,1,0,20260117,20270530
Tue-Thu-Fri-Sun_20260326-20270530,0,1,0,1,1,0,1,20260326,20270530
Tue-Thu-Fri-Sun_20260306-20270530,0,1,0,1,1,0,1,20260306,20270530
Tue-Thu-Fri-Sun_20260308-20270530,0,1,0,1,1,0,1,20260308,20270530
Tue-Thu-Fri-Sun_20260201-20270530,0,1,0,1,1,0,1,20260201,20270530
Tue-Thu-Fri-Sun_20260101-20270530,0,1,0,1,1,0,1,20260101,20270530
Tue-Thu-Fri-Sun_20260205-20270530,0,1,0,1,1,0,1,20260205,20270530
Tue-Thu-Fri-Sun_20260317-20270530,0,1,0,1,1,0,1,20260317,20270530
Tue-Thu-Fri-Sun_20260303-20270530,0,1,0,1,1,0,1,20260303,20270530
Tue-Thu-Fri-Sun_20260226-20270530,0,1,0,1,1,0,1,20260226,20270530
Tue-Thu-Fri_20260101-20270530,0,1,0,1,1,0,0,20260101,20270530
Tue-Thu-Fri_20260127-20270530,0,1,0,1,1,0,0,20260127,20270530
Tue-Thu-Fri_20260317-20270530,0,1,0,1,1,0,0,20260317,20270530
Tue-Thu-Sat-Sun_20260101-20270530,0,1,0,1,0,1,1,20260101,20270530
Tue-Thu-Sat-Sun_20260307-20270530,0,1,0,1,0,1,1,20260307,20270530
Tue-Thu-Sat-Sun_20260301-20270530,0,1,0,1,0,1,1,20260301,20270530
Tue-Thu-Sat-Sun_20260303-20260331,0,1,0,1,0,1,1,20260303,20260331
Tue-Thu-Sat_20260228-20270530,0,1,0,1,0,1,0,20260228,20270530
Tue-Thu-Sat_20260324-20270530,0,1,0,1,0,1,0,20260324,20270530
Tue-Thu-Sat_20260317-20260328,0,1,0,1,0,1,0,20260317,20260328
Tue-Thu-Sat_20260225-20260401,0,1,0,1,0,1,0,20260225,20260401
Tue-Thu-Sat_20260214-20270530,0,1,0,1,0,1,0,20260214,20270530
Tue-Thu-Sat_20260101-20270530,0,1,0,1,0,1,0,20260101,20270530
Tue-Thu-Sat_20260224-20270530,0,1,0,1,0,1,0,20260224,20270530
Tue-Thu-Sat_20260120-20270530,0,1,0,1,0,1,0,20260120,20270530
Tue-Thu-Sat_20260328-20270530,0,1,0,1,0,1,0,20260328,20270530
Tue-Thu-Sat_20260319-20270530,0,1,0,1,0,1,0,20260319,20270530
Tue-Thu-Sat_20260317-20270530,0,1,0,1,0,1,0,20260317,20270530
Tue-Thu-Sat_20260103-20270530,0,1,0,1,0,1,0,20260103,20270530
Tue-Thu-Sat_20260301-20270530,0,1,0,1,0,1,0,20260301,20270530
Tue-Thu-Sat_20260205-20270530,0,1,0,1,0,1,0,20260205,20270530
Tue-Thu-Sun_20260101-20260413,0,1,0,1,0,0,1,20260101,20260413
Tue-Thu-Sun_20260104-20270530,0,1,0,1,0,0,1,20260104,20270530
Tue-Thu-Sun_20260202-20270530,0,1,0,1,0,0,1,20260202,20270530
Tue-Thu-Sun_20260121-20270530,0,1,0,1,0,0,1,20260121,20270530
Tue-Thu-Sun_20260127-20270530,0,1,0,1,0,0,1,20260127,20270530
Tue-Thu-Sun_20260101-20270530,0,1,0,1,0,0,1,20260101,20270530
Tue-Thu-Sun_20260326-20270530,0,1,0,1,0,0,1,20260326,20270530
Tue-Thu-Sun_20260308-20270530,0,1,0,1,0,0,1,20260308,20270530
Tue-Thu-Sun_20260303-20270530,0,1,0,1,0,0,1,20260303,20270530
Tue-Thu-Sun_20260315-20270530,0,1,0,1,0,0,1,20260315,20270530
Tue-Thu_20260101-20270530,0,1,0,1,0,0,0,20260101,20270530
Tue-Thu_20260303-20260331,0,1,0,1,0,0,0,20260303,20260331
Tue-Thu_20260205-20270530,0,1,0,1,0,0,0,20260205,20270530
Tue-Thu_20260130-20270530,0,1,0,1,0,0,0,20260130,20270530
Tue-Thu_20260402-20270530,0,1,0,1,0,0,0,20260402,20270530
Tue-Thu_20260113-20270530,0,1,0,1,0,0,0,20260113,20270530
Tue-Thu_20260212-20270530,0,1,0,1,0,0,0,20260212,20270530
Tue-Thu_20260319-20270530,0,1,0,1,0,0,0,20260319,20270530
Tue-Thu_20260227-20270530,0,1,0,1,0,0,0,20260227,20270530
Tue-Thu_20260326-20270530,0,1,0,1,0,0,0,20260326,20270530
Tue-Thu_20260317-20270530,0,1,0,1,0,0,0,20260317,20270530
Tue-Thu_20260312-20270530,0,1,0,1,0,0,0,20260312,20270530
Tue-Fri-Sat-Sun_20260101-20270530,0,1,0,0,1,1,1,20260101,20270530
Tue-Fri-Sat_20260101-20270530,0,1,0,0,1,1,0,20260101,20270530
Tue-Fri-Sat_20260203-20270530,0,1,0,0,1,1,0,20260203,20270530
Tue-Fri-Sat_20260414-20260507,0,1,0,0,1,1,0,20260414,20260507
Tue-Fri-Sun_20260101-20270530,0,1,0,0,1,0,1,20260101,20270530
Tue-Fri-Sun_20260315-20270530,0,1,0,0,1,0,1,20260315,20270530
Tue-Fri-Sun_20260326-20270530,0,1,0,0,1,0,1,20260326,20270530
Tue-Fri-Sun_20260204-20270530,0,1,0,0,1,0,1,20260204,20270530
Tue-Fri-Sun_20260101-20260402,0,1,0,0,1,0,1,20260101,20260402
Tue-Fri-Sun_20260225-20270530,0,1,0,0,1,0,1,20260225,20270530
Tue-Fri-Sun_20260317-20260329,0,1,0,0,1,0,1,20260317,20260329
Tue-Fri-Sun_20260206-20270530,0,1,0,0,1,0,1,20260206,20270530
Tue-Fri-Sun_20260130-20270530,0,1,0,0,1,0,1,20260130,20270530
Tue-Fri-Sun_20260327-20270530,0,1,0,0,1,0,1,20260327,20270530
Tue-Fri-Sun_20260104-20260331,0,1,0,0,1,0,1,20260104,20260331
Tue-Fri-Sun_20260222-20270530,0,1,0,0,1,0,1,20260222,20270530
Tue-Fri-Sun_20260324-20270530,0,1,0,0,1,0,1,20260324,20270530
Tue-Fri-Sun_20260213-20270530,0,1,0,0,1,0,1,20260213,20270530
Tue-Fri_20260130-20270530,0,1,0,0,1,0,0,20260130,20270530
Tue-Fri_20260127-20270530,0,1,0,0,1,0,0,20260127,20270530
Tue-Fri_20260326-20270530,0,1,0,0,1,0,0,20260326,20270530
Tue-Fri_20260210-20270530,0,1,0,0,1,0,0,20260210,20270530
Tue-Fri_20260324-20270530,0,1,0,0,1,0,0,20260324,20270530
Tue-Fri_20260414-20260507,0,1,0,0,1,0,0,20260414,20260507
Tue-Fri_20260206-20270530,0,1,0,0,1,0,0,20260206,20270530
Tue-Fri_20260403-20270530,0,1,0,0,1,0,0,20260403,20270530
Tue-Fri_20260317-20270530,0,1,0,0,1,0,0,20260317,20270530
Tue-Fri_20260507-20270530,0,1,0,0,1,0,0,20260507,20270530
Tue-Fri_20251202-20270530,0,1,0,0,1,0,0,20251202,20270530
Tue-Fri_20260310-20260331,0,1,0,0,1,0,0,20260310,20260331
Tue-Fri_20260331-20260331,0,1,0,0,1,0,0,20260331,20260331
Tue-Fri_20260417-20260428,0,1,0,0,1,0,0,20260417,20260428
Tue-Fri_20260306-20270530,0,1,0,0,1,0,0,20260306,20270530
Tue-Fri_20260213-20270530,0,1,0,0,1,0,0,20260213,20270530
Tue-Fri_20260325-20270530,0,1,0,0,1,0,0,20260325,20270530
Tue-Fri_20260101-20270530,0,1,0,0,1,0,0,20260101,20270530
Tue-Fri_20260310-20260327,0,1,0,0,1,0,0,20260310,20260327
Tue-Fri_20260213-20260402,0,1,0,0,1,0,0,20260213,20260402
Tue-Sat-Sun_20260101-20270530,0,1,0,0,0,1,1,20260101,20270530
Tue-Sat_20260328-20270530,0,1,0,0,0,1,0,20260328,20270530
Tue-Sat_20260301-20260331,0,1,0,0,0,1,0,20260301,20260331
Tue-Sat_20260314-20260328,0,1,0,0,0,1,0,20260314,20260328
Tue-Sat_20260316-20270225,0,1,0,0,0,1,0,20260316,20270225
Tue-Sat_20260214-20270530,0,1,0,0,0,1,0,20260214,20270530
Tue-Sat_20260321-20270530,0,1,0,0,0,1,0,20260321,20270530
Tue-Sat_20260324-20270530,0,1,0,0,0,1,0,20260324,20270530
Tue-Sat_20260213-20270530,0,1,0,0,0,1,0,20260213,20270530
Tue-Sat_20260101-20270530,0,1,0,0,0,1,0,20260101,20270530
Tue-Sat_20260314-20260331,0,1,0,0,0,1,0,20260314,20260331
Tue-Sat_20260317-20270530,0,1,0,0,0,1,0,20260317,20270530
Tue-Sat_20260307-20270530,0,1,0,0,0,1,0,20260307,20270530
Tue-Sat_20260407-20260414,0,1,0,0,0,1,0,20260407,20260414
Tue-Sun_20260327-20270530,0,1,0,0,0,0,1,20260327,20270530
Tue-Sun_20260317-20270530,0,1,0,0,0,0,1,20260317,20270530
Tue-Sun_20260111-20270530,0,1,0,0,0,0,1,20260111,20270530
Tue-Sun_20260204-20270530,0,1,0,0,0,0,1,20260204,20270530
Tue-Sun_20260128-20270530,0,1,0,0,0,0,1,20260128,20270530
Tue-Sun_20260127-20270530,0,1,0,0,0,0,1,20260127,20270530
Tue-Sun_20260101-20270530,0,1,0,0,0,0,1,20260101,20270530
Tue-Sun_20260213-20270530,0,1,0,0,0,0,1,20260213,20270530
Tue-Sun_20260419-20260714,0,1,0,0,0,0,1,20260419,20260714
Tue-Sun_20260322-20270530,0,1,0,0,0,0,1,20260322,20270530
Tue_20260225-20260401,0,1,0,0,0,0,0,20260225,20260401
Tue_20260213-20270530,0,1,0,0,0,0,0,20260213,20270530
Tue_20260324-20270530,0,1,0,0,0,0,0,20260324,20270530
Tue_20260101-20270530,0,1,0,0,0,0,0,20260101,20270530
Tue_20260317-20260331,0,1,0,0,0,0,0,20260317,20260331
Tue_20260316-20270530,0,1,0,0,0,0,0,20260316,20270530
Tue_20260214-20270530,0,1,0,0,0,0,0,20260214,20270530
Tue_20260324-20260331,0,1,0,0,0,0,0,20260324,20260331
Tue_20260224-20260330,0,1,0,0,0,0,0,20260224,20260330
Tue_20260301-20260331,0,1,0,0,0,0,0,20260301,20260331
Tue_20260310-20270530,0,1,0,0,0,0,0,20260310,20270530
Tue_20260331-20260331,0,1,0,0,0,0,0,20260331,20260331
Tue_20260310-20260331,0,1,0,0,0,0,0,20260310,20260331
Tue_20260318-20270530,0,1,0,0,0,0,0,20260318,20270530
Tue_20260302-20260401,0,1,0,0,0,0,0,20260302,20260401
Tue_20260326-20270530,0,1,0,0,0,0,0,20260326,20270530
Tue_20260303-20270530,0,1,0,0,0,0,0,20260303,20270530
Tue_20260421-20260714,0,1,0,0,0,0,0,20260421,20260714
Tue_20260106-20270530,0,1,0,0,0,0,0,20260106,20270530
Tue_20260128-20270530,0,1,0,0,0,0,0,20260128,20270530
Tue_20260101-20260330,0,1,0,0,0,0,0,20260101,20260330
Tue_20260121-20270530,0,1,0,0,0,0,0,20260121,20270530
Tue_20260203-20270530,0,1,0,0,0,0,0,20260203,20270530
Tue_20260303-20260331,0,1,0,0,0,0,0,20260303,20260331
Tue_20260120-20260406,0,1,0,0,0,0,0,20260120,20260406
Tue_20260101-20260504,0,1,0,0,0,0,0,20260101,20260504
Tue_20260210-20270530,0,1,0,0,0,0,0,20260210,20270530
Tue_20260317-20270530,0,1,0,0,0,0,0,20260317,20270530
Tue_20260407-20260414,0,1,0,0,0,0,0,20260407,20260414
Tue_20260224-20270530,0,1,0,0,0,0,0,20260224,20270530
Tue_20260217-20270530,0,1,0,0,0,0,0,20260217,20270530
Tue_20260317-20270225,0,1,0,0,0,0,0,20260317,20270225
Tue_20260320-20270530,0,1,0,0,0,0,0,20260320,20270530
Tue_20260407-20270530,0,1,0,0,0,0,0,20260407,20270530
Tue_20260127-20270530,0,1,0,0,0,0,0,20260127,20270530
Tue_20260101-20260413,0,1,0,0,0,0,0,20260101,20260413
Tue_20260324-20260329,0,1,0,0,0,0,0,20260324,20260329
Tue_20260303-20260401,0,1,0,0,0,0,0,20260303,20260401
Wed-Thu-Fri-Sat-Sun_20260301-20260329,0,0,1,1,1,1,1,20260301,20260329
Wed-Thu-Fri-Sat-Sun_20260312-20270530,0,0,1,1,1,1,1,20260312,20270530
Wed-Thu-Fri-Sat-Sun_20260101-20270530,0,0,1,1,1,1,1,20260101,20270530
Wed-Thu-Fri-Sat_20260101-20270530,0,0,1,1,1,1,0,20260101,20270530
Wed-Thu-Fri-Sat_20260213-20270530,0,0,1,1,1,1,0,20260213,20270530
Wed-Thu-Fri-Sun_20260101-20270530,0,0,1,1,1,0,1,20260101,20270530
Wed-Thu-Fri_20260101-20270530,0,0,1,1,1,0,0,20260101,20270530
Wed-Thu-Sat-Sun_20260129-20270530,0,0,1,1,0,1,1,20260129,20270530
Wed-Thu-Sat-Sun_20260103-20270530,0,0,1,1,0,1,1,20260103,20270530
Wed-Thu-Sat_20260326-20270530,0,0,1,1,0,1,0,20260326,20270530
Wed-Thu-Sun_20260206-20270530,0,0,1,1,0,0,1,20260206,20270530
Wed-Thu-Sun_20260101-20270530,0,0,1,1,0,0,1,20260101,20270530
Wed-Thu-Sun_20260308-20270530,0,0,1,1,0,0,1,20260308,20270530
Wed-Thu-Sun_20260315-20270530,0,0,1,1,0,0,1,20260315,20270530
Wed-Thu_20260401-20260409,0,0,1,1,0,0,0,20260401,20260409
Wed-Thu_20260326-20270530,0,0,1,1,0,0,0,20260326,20270530
Wed-Thu_20260218-20270530,0,0,1,1,0,0,0,20260218,20270530
Wed-Thu_20260213-20270530,0,0,1,1,0,0,0,20260213,20270530
Wed-Fri-Sat-Sun_20260101-20270530,0,0,1,0,1,1,1,20260101,20270530
Wed-Fri-Sat_20260101-20270530,0,0,1,0,1,1,0,20260101,20270530
Wed-Fri-Sat_20260220-20270530,0,0,1,0,1,1,0,20260220,20270530
Wed-Fri-Sun_20260324-20270530,0,0,1,0,1,0,1,20260324,20270530
Wed-Fri-Sun_20260318-20270530,0,0,1,0,1,0,1,20260318,20270530
Wed-Fri-Sun_20260325-20270530,0,0,1,0,1,0,1,20260325,20270530
Wed-Fri-Sun_20260304-20260331,0,0,1,0,1,0,1,20260304,20260331
Wed-Fri-Sun_20260315-20270530,0,0,1,0,1,0,1,20260315,20270530
Wed-Fri-Sun_20260311-20270530,0,0,1,0,1,0,1,20260311,20270530
Wed-Fri-Sun_20250921-20260329,0,0,1,0,1,0,1,20250921,20260329
Wed-Fri-Sun_20260218-20270530,0,0,1,0,1,0,1,20260218,20270530
Wed-Fri-Sun_20260308-20270530,0,0,1,0,1,0,1,20260308,20270530
Wed-Fri-Sun_20260317-20270530,0,0,1,0,1,0,1,20260317,20270530
Wed-Fri-Sun_20260101-20270530,0,0,1,0,1,0,1,20260101,20270530
Wed-Fri-Sun_20260211-20270530,0,0,1,0,1,0,1,20260211,20270530
Wed-Fri-Sun_20260227-20270530,0,0,1,0,1,0,1,20260227,20270530
Wed-Fri_20260304-20260401,0,0,1,0,1,0,0,20260304,20260401
Wed-Fri_20260101-20270530,0,0,1,0,1,0,0,20260101,20270530
Wed-Fri_20260317-20270530,0,0,1,0,1,0,0,20260317,20270530
Wed-Fri_20260206-20270530,0,0,1,0,1,0,0,20260206,20270530
Wed-Fri_20260324-20270530,0,0,1,0,1,0,0,20260324,20270530
Wed-Fri_20260101-20260701,0,0,1,0,1,0,0,20260101,20260701
Wed-Fri_20260403-20270530,0,0,1,0,1,0,0,20260403,20270530
Wed-Fri_20260313-20270530,0,0,1,0,1,0,0,20260313,20270530
Wed-Fri_20260202-20270530,0,0,1,0,1,0,0,20260202,20270530
Wed-Fri_20260316-20270530,0,0,1,0,1,0,0,20260316,20270530
Wed-Fri_20260101-20260331,0,0,1,0,1,0,0,20260101,20260331
Wed-Fri_20260318-20270530,0,0,1,0,1,0,0,20260318,20270530
Wed-Fri_20260325-20270530,0,0,1,0,1,0,0,20260325,20270530
Wed-Sat-Sun_20260101-20270530,0,0,1,0,0,1,1,20260101,20270530
Wed-Sat-Sun_20260301-20270530,0,0,1,0,0,1,1,20260301,20270530
Wed-Sat-Sun_20260211-20270530,0,0,1,0,0,1,1,20260211,20270530
Wed-Sat-Sun_20260314-20270530,0,0,1,0,0,1,1,20260314,20270530
Wed-Sat_20260318-20270530,0,0,1,0,0,1,0,20260318,20270530
Wed-Sat_20260207-20270530,0,0,1,0,0,1,0,20260207,20270530
Wed-Sat_20260128-20270530,0,0,1,0,0,1,0,20260128,20270530
Wed-Sat_20260328-20270530,0,0,1,0,0,1,0,20260328,20270530
Wed-Sat_20260221-20270530,0,0,1,0,0,1,0,20260221,20270530
Wed-Sat_20260314-20270530,0,0,1,0,0,1,0,20260314,20270530
Wed-Sat_20260212-20270530,0,0,1,0,0,1,0,20260212,20270530
Wed-Sat_20260507-20270530,0,0,1,0,0,1,0,20260507,20270530
Wed-Sat_20260304-20260331,0,0,1,0,0,1,0,20260304,20260331
Wed-Sat_20260325-20270530,0,0,1,0,0,1,0,20260325,20270530
Wed-Sat_20260114-20270530,0,0,1,0,0,1,0,20260114,20270530
Wed-Sat_20260101-20270530,0,0,1,0,0,1,0,20260101,20270530
Wed-Sat_20260415-20260507,0,0,1,0,0,1,0,20260415,20260507
Wed-Sat_20260213-20270530,0,0,1,0,0,1,0,20260213,20270530
Wed-Sat_20260317-20260328,0,0,1,0,0,1,0,20260317,20260328
Wed-Sun_20260214-20270530,0,0,1,0,0,0,1,20260214,20270530
Wed-Sun_20260408-20260414,0,0,1,0,0,0,1,20260408,20260414
Wed-Sun_20260329-20270530,0,0,1,0,0,0,1,20260329,20270530
Wed-Sun_20260101-20270530,0,0,1,0,0,0,1,20260101,20270530
Wed-Sun_20260315-20270530,0,0,1,0,0,0,1,20260315,20270530
Wed-Sun_20251130-20270530,0,0,1,0,0,0,1,20251130,20270530
Wed-Sun_20260315-20270226,0,0,1,0,0,0,1,20260315,20270226
Wed-Sun_20260101-20260331,0,0,1,0,0,0,1,20260101,20260331
Wed-Sun_20260326-20270530,0,0,1,0,0,0,1,20260326,20270530
Wed-Sun_20260322-20270530,0,0,1,0,0,0,1,20260322,20270530
Wed-Sun_20260128-20270530,0,0,1,0,0,0,1,20260128,20270530
Wed-Sun_20260315-20260329,0,0,1,0,0,0,1,20260315,20260329
Wed-Sun_20260215-20270530,0,0,1,0,0,0,1,20260215,20270530
Wed-Sun_20260317-20270530,0,0,1,0,0,0,1,20260317,20270530
Wed-Sun_20260318-20260402,0,0,1,0,0,0,1,20260318,20260402
Wed-Sun_20260226-20260329,0,0,1,0,0,0,1,20260226,20260329
Wed_20260114-20270530,0,0,1,0,0,0,0,20260114,20270530
Wed_20260101-20260408,0,0,1,0,0,0,0,20260101,20260408
Wed_20260311-20270530,0,0,1,0,0,0,0,20260311,20270530
Wed_20260311-20260331,0,0,1,0,0,0,0,20260311,20260331
Wed_20260318-20270530,0,0,1,0,0,0,0,20260318,20270530
Wed_20260325-20260325,0,0,1,0,0,0,0,20260325,20260325
Wed_20260304-20260401,0,0,1,0,0,0,0,20260304,20260401
Wed_20260408-20270530,0,0,1,0,0,0,0,20260408,20270530
Wed_20260121-20270530,0,0,1,0,0,0,0,20260121,20270530
Wed_20260317-20260327,0,0,1,0,0,0,0,20260317,20260327
Wed_20260324-20270530,0,0,1,0,0,0,0,20260324,20270530
Wed_20260408-20261231,0,0,1,0,0,0,0,20260408,20261231
Wed_20260101-20260414,0,0,1,0,0,0,0,20260101,20260414
Wed_20260408-20260414,0,0,1,0,0,0,0,20260408,20260414
Wed_20260211-20270530,0,0,1,0,0,0,0,20260211,20270530
Wed_20260129-20270530,0,0,1,0,0,0,0,20260129,20270530
Wed_20260211-20260331,0,0,1,0,0,0,0,20260211,20260331
Wed_20260107-20270530,0,0,1,0,0,0,0,20260107,20270530
Wed_20260128-20270530,0,0,1,0,0,0,0,20260128,20270530
Wed_20260213-20270530,0,0,1,0,0,0,0,20260213,20270530
Wed_20260401-20260408,0,0,1,0,0,0,0,20260401,20260408
Wed_20260317-20260331,0,0,1,0,0,0,0,20260317,20260331
Wed_20260415-20260415,0,0,1,0,0,0,0,20260415,20260415
Wed_20260319-20270530,0,0,1,0,0,0,0,20260319,20270530
Wed_20260401-20260401,0,0,1,0,0,0,0,20260401,20260401
Wed_20260415-20260531,0,0,1,0,0,0,0,20260415,20260531
Wed_20260401-20260414,0,0,1,0,0,0,0,20260401,20260414
Wed_20260301-20260331,0,0,1,0,0,0,0,20260301,20260331
Wed_20260101-20260331,0,0,1,0,0,0,0,20260101,20260331
Wed_20260401-20270530,0,0,1,0,0,0,0,20260401,20270530
Wed_20260304-20260327,0,0,1,0,0,0,0,20260304,20260327
Wed_20260325-20270530,0,0,1,0,0,0,0,20260325,20270530
Wed_20260225-20270530,0,0,1,0,0,0,0,20260225,20270530
Wed_20260326-20270530,0,0,1,0,0,0,0,20260326,20270530
Wed_20260325-20260331,0,0,1,0,0,0,0,20260325,20260331
Wed_20260401-20261231,0,0,1,0,0,0,0,20260401,20261231
Wed_20260304-20260331,0,0,1,0,0,0,0,20260304,20260331
Wed_20260317-20270530,0,0,1,0,0,0,0,20260317,20270530
Wed_20260205-20270530,0,0,1,0,0,0,0,20260205,20270530
Wed_20260218-20270530,0,0,1,0,0,0,0,20260218,20270530
Wed_20250924-20260429,0,0,1,0,0,0,0,20250924,20260429
Wed_20260204-20270530,0,0,1,0,0,0,0,20260204,20270530
Wed_20250604-20270530,0,0,1,0,0,0,0,20250604,20270530
Wed_20260303-20270530,0,0,1,0,0,0,0,20260303,20270530
Wed_20260101-20270530,0,0,1,0,0,0,0,20260101,20270530
Wed_20260311-20260401,0,0,1,0,0,0,0,20260311,20260401
Thu-Fri-Sat-Sun_20260213-20270530,0,0,0,1,1,1,1,20260213,20270530
Thu-Fri-Sat_20260101-20270530,0,0,0,1,1,1,0,20260101,20270530
Thu-Fri-Sun_20260101-20270530,0,0,0,1,1,0,1,20260101,20270530
Thu-Fri-Sun_20260319-20260329,0,0,0,1,1,0,1,20260319,20260329
Thu-Fri_20260402-20260414,0,0,0,1,1,0,0,20260402,20260414
Thu-Fri_20260326-20270530,0,0,0,1,1,0,0,20260326,20270530
Thu-Fri_20260109-20270530,0,0,0,1,1,0,0,20260109,20270530
Thu-Fri_20260101-20270530,0,0,0,1,1,0,0,20260101,20270530
Thu-Sat-Sun_20260101-20260415,0,0,0,1,0,1,1,20260101,20260415
Thu-Sat-Sun_20260101-20270530,0,0,0,1,0,1,1,20260101,20270530
Thu-Sat-Sun_20260219-20270530,0,0,0,1,0,1,1,20260219,20270530
Thu-Sat_20260102-20270530,0,0,0,1,0,1,0,20260102,20270530
Thu-Sat_20260326-20270530,0,0,0,1,0,1,0,20260326,20270530
Thu-Sat_20260521-20270530,0,0,0,1,0,1,0,20260521,20270530
Thu-Sat_20260219-20270530,0,0,0,1,0,1,0,20260219,20270530
Thu-Sat_20260324-20270530,0,0,0,1,0,1,0,20260324,20270530
Thu-Sat_20260101-20270530,0,0,0,1,0,1,0,20260101,20270530
Thu-Sat_20260328-20270530,0,0,0,1,0,1,0,20260328,20270530
Thu-Sat_20260319-20270530,0,0,0,1,0,1,0,20260319,20270530
Thu-Sat_20260110-20270530,0,0,0,1,0,1,0,20260110,20270530
Thu-Sat_20260112-20270530,0,0,0,1,0,1,0,20260112,20270530
Thu-Sat_20260305-20270530,0,0,0,1,0,1,0,20260305,20270530
Thu-Sat_20260327-20270530,0,0,0,1,0,1,0,20260327,20270530
Thu-Sat_20260317-20270530,0,0,0,1,0,1,0,20260317,20270530
Thu-Sat_20260305-20260328,0,0,0,1,0,1,0,20260305,20260328
Thu-Sun_20260312-20260329,0,0,0,1,0,0,1,20260312,20260329
Thu-Sun_20260111-20270530,0,0,0,1,0,0,1,20260111,20270530
Thu-Sun_20260104-20270530,0,0,0,1,0,0,1,20260104,20270530
Thu-Sun_20260122-20270530,0,0,0,1,0,0,1,20260122,20270530
Thu-Sun_20260205-20270530,0,0,0,1,0,0,1,20260205,20270530
Thu-Sun_20260419-20260430,0,0,0,1,0,0,1,20260419,20260430
Thu-Sun_20260215-20270530,0,0,0,1,0,0,1,20260215,20270530
Thu-Sun_20260320-20270530,0,0,0,1,0,0,1,20260320,20270530
Thu-Sun_20260101-20260401,0,0,0,1,0,0,1,20260101,20260401
Thu-Sun_20260326-20260415,0,0,0,1,0,0,1,20260326,20260415
Thu-Sun_20260326-20270530,0,0,0,1,0,0,1,20260326,20270530
Thu-Sun_20260101-20270530,0,0,0,1,0,0,1,20260101,20270530
Thu-Sun_20260305-20260331,0,0,0,1,0,0,1,20260305,20260331
Thu-Sun_20260301-20260329,0,0,0,1,0,0,1,20260301,20260329
Thu-Sun_20260322-20260331,0,0,0,1,0,0,1,20260322,20260331
Thu-Sun_20260315-20270530,0,0,0,1,0,0,1,20260315,20270530
Thu_20260416-20260611,0,0,0,1,0,0,0,20260416,20260611
Thu_20260402-20260403,0,0,0,1,0,0,0,20260402,20260403
Thu_20260312-20270530,0,0,0,1,0,0,0,20260312,20270530
Thu_20260301-20260330,0,0,0,1,0,0,0,20260301,20260330
Thu_20260101-20260407,0,0,0,1,0,0,0,20260101,20260407
Thu_20260108-20270530,0,0,0,1,0,0,0,20260108,20270530
Thu_20260205-20270530,0,0,0,1,0,0,0,20260205,20270530
Thu_20260213-20270530,0,0,0,1,0,0,0,20260213,20270530
Thu_20260213-20260506,0,0,0,1,0,0,0,20260213,20260506
Thu_20260301-20260331,0,0,0,1,0,0,0,20260301,20260331
Thu_20260101-20270530,0,0,0,1,0,0,0,20260101,20270530
Thu_20260305-20270530,0,0,0,1,0,0,0,20260305,20270530
Thu_20260328-20270530,0,0,0,1,0,0,0,20260328,20270530
Thu_20260324-20260328,0,0,0,1,0,0,0,20260324,20260328
Thu_20260319-20270227,0,0,0,1,0,0,0,20260319,20270227
Thu_20260507-20270530,0,0,0,1,0,0,0,20260507,20270530
Thu_20260312-20260331,0,0,0,1,0,0,0,20260312,20260331
Thu_20260130-20270530,0,0,0,1,0,0,0,20260130,20270530
Thu_20260323-20270530,0,0,0,1,0,0,0,20260323,20270530
Thu_20260327-20270530,0,0,0,1,0,0,0,20260327,20270530
Thu_20260219-20270530,0,0,0,1,0,0,0,20260219,20270530
Thu_20260317-20260327,0,0,0,1,0,0,0,20260317,20260327
Thu_20260319-20260331,0,0,0,1,0,0,0,20260319,20260331
Thu_20260101-20260415,0,0,0,1,0,0,0,20260101,20260415
Thu_20260402-20270530,0,0,0,1,0,0,0,20260402,20270530
Thu_20260402-20260414,0,0,0,1,0,0,0,20260402,20260414
Thu_20260317-20270530,0,0,0,1,0,0,0,20260317,20270530
Thu_20260317-20260401,0,0,0,1,0,0,0,20260317,20260401
Thu_20260326-20260402,0,0,0,1,0,0,0,20260326,20260402
Thu_20260402-20260409,0,0,0,1,0,0,0,20260402,20260409
Thu_20260226-20270530,0,0,0,1,0,0,0,20260226,20270530
Thu_20260402-20260415,0,0,0,1,0,0,0,20260402,20260415
Thu_20260423-20260709,0,0,0,1,0,0,0,20260423,20260709
Thu_20260326-20260331,0,0,0,1,0,0,0,20260326,20260331
Thu_20260326-20270530,0,0,0,1,0,0,0,20260326,20270530
Thu_20260402-20260402,0,0,0,1,0,0,0,20260402,20260402
Thu_20260212-20270530,0,0,0,1,0,0,0,20260212,20270530
Thu_20260226-20260801,0,0,0,1,0,0,0,20260226,20260801
Thu_20260319-20270530,0,0,0,1,0,0,0,20260319,20270530
Thu_20260324-20270530,0,0,0,1,0,0,0,20260324,20270530
Thu_20260122-20270530,0,0,0,1,0,0,0,20260122,20270530
Thu_20260115-20270530,0,0,0,1,0,0,0,20260115,20270530
Fri-Sat-Sun_20260101-20270530,0,0,0,0,1,1,1,20260101,20270530
Fri-Sat_20260213-20270530,0,0,0,0,1,1,0,20260213,20270530
Fri-Sat_20260326-20270530,0,0,0,0,1,1,0,20260326,20270530
Fri-Sat_20260403-20260411,0,0,0,0,1,1,0,20260403,20260411
Fri-Sat_20260403-20260414,0,0,0,0,1,1,0,20260403,20260414
Fri-Sat_20260101-20270530,0,0,0,0,1,1,0,20260101,20270530
Fri-Sat_20260313-20270530,0,0,0,0,1,1,0,20260313,20270530
Fri-Sat_20260320-20270530,0,0,0,0,1,1,0,20260320,20270530
Fri-Sun_20260327-20270530,0,0,0,0,1,0,1,20260327,20270530
Fri-Sun_20260101-20270530,0,0,0,0,1,0,1,20260101,20270530
Fri-Sun_20260317-20270530,0,0,0,0,1,0,1,20260317,20270530
Fri-Sun_20260403-20260405,0,0,0,0,1,0,1,20260403,20260405
Fri-Sun_20260301-20260329,0,0,0,0,1,0,1,20260301,20260329
Fri-Sun_20260522-20270530,0,0,0,0,1,0,1,20260522,20270530
Fri-Sun_20260306-20260329,0,0,0,0,1,0,1,20260306,20260329
Fri-Sun_20260301-20260330,0,0,0,0,1,0,1,20260301,20260330
Fri-Sun_20260320-20270530,0,0,0,0,1,0,1,20260320,20270530
Fri-Sun_20260327-20260329,0,0,0,0,1,0,1,20260327,20260329
Fri-Sun_20260313-20270530,0,0,0,0,1,0,1,20260313,20270530
Fri-Sun_20260329-20260331,0,0,0,0,1,0,1,20260329,20260331
Fri-Sun_20260306-20270530,0,0,0,0,1,0,1,20260306,20270530
Fri-Sun_20260220-20270530,0,0,0,0,1,0,1,20260220,20270530
Fri_20260410-20260414,0,0,0,0,1,0,0,20260410,20260414
Fri_20260214-20270530,0,0,0,0,1,0,0,20260214,20270530
Fri_20260101-20260402,0,0,0,0,1,0,0,20260101,20260402
Fri_20260324-20270530,0,0,0,0,1,0,0,20260324,20270530
Fri_20260403-20260414,0,0,0,0,1,0,0,20260403,20260414
Fri_20260109-20270530,0,0,0,0,1,0,0,20260109,20270530
Fri_20260403-20260410,0,0,0,0,1,0,0,20260403,20260410
Fri_20260403-20270530,0,0,0,0,1,0,0,20260403,20270530
Fri_20991231-20270530,0,0,0,0,1,0,0,20991231,20270530
Fri_20260317-20260327,0,0,0,0,1,0,0,20260317,20260327
Fri_20260101-20270530,0,0,0,0,1,0,0,20260101,20270530
Fri_20260317-20270530,0,0,0,0,1,0,0,20260317,20270530
Fri_20260327-20270530,0,0,0,0,1,0,0,20260327,20270530
Fri_20260218-20270530,0,0,0,0,1,0,0,20260218,20270530
Fri_20260324-20260329,0,0,0,0,1,0,0,20260324,20260329
Fri_20260417-20260612,0,0,0,0,1,0,0,20260417,20260612
Fri_20260403-20261231,0,0,0,0,1,0,0,20260403,20261231
Fri_20260130-20270530,0,0,0,0,1,0,0,20260130,20270530
Fri_20260227-20270530,0,0,0,0,1,0,0,20260227,20270530
Fri_20260326-20270530,0,0,0,0,1,0,0,20260326,20270530
Fri_20260227-20260328,0,0,0,0,1,0,0,20260227,20260328
Fri_20260306-20260327,0,0,0,0,1,0,0,20260306,20260327
Fri_20260225-20260328,0,0,0,0,1,0,0,20260225,20260328
Fri_20260301-20260331,0,0,0,0,1,0,0,20260301,20260331
Fri_20260403-20260405,0,0,0,0,1,0,0,20260403,20260405
Fri_20260220-20270530,0,0,0,0,1,0,0,20260220,20270530
Fri_20260324-20260328,0,0,0,0,1,0,0,20260324,20260328
Fri_20250509-20270530,0,0,0,0,1,0,0,20250509,20270530
Fri_20260213-20270530,0,0,0,0,1,0,0,20260213,20270530
Fri_20260328-20270530,0,0,0,0,1,0,0,20260328,20270530
Fri_20260313-20260327,0,0,0,0,1,0,0,20260313,20260327
Fri_20260320-20270228,0,0,0,0,1,0,0,20260320,20270228
Fri_20260206-20270530,0,0,0,0,1,0,0,20260206,20270530
Fri_20260103-20270530,0,0,0,0,1,0,0,20260103,20270530
Fri_20260131-20270530,0,0,0,0,1,0,0,20260131,20270530
Fri_20260101-20260416,0,0,0,0,1,0,0,20260101,20260416
Fri_20260327-20260327,0,0,0,0,1,0,0,20260327,20260327
Fri_20260313-20270530,0,0,0,0,1,0,0,20260313,20270530
Fri_20260225-20270530,0,0,0,0,1,0,0,20260225,20270530
Fri_20260320-20270530,0,0,0,0,1,0,0,20260320,20270530
Fri_20260101-20260507,0,0,0,0,1,0,0,20260101,20260507
Fri_20260123-20270530,0,0,0,0,1,0,0,20260123,20270530
Fri_20260227-20260327,0,0,0,0,1,0,0,20260227,20260327
Fri_20260403-20260415,0,0,0,0,1,0,0,20260403,20260415
Fri_20260306-20270530,0,0,0,0,1,0,0,20260306,20270530
Fri_20260403-20260403,0,0,0,0,1,0,0,20260403,20260403
Fri_20260327-20260331,0,0,0,0,1,0,0,20260327,20260331
Fri_20260102-20270530,0,0,0,0,1,0,0,20260102,20270530
Fri_20260317-20260331,0,0,0,0,1,0,0,20260317,20260331
Sat-Sun_20260301-20260329,0,0,0,0,0,1,1,20260301,20260329
Sat-Sun_20260117-20270530,0,0,0,0,0,1,1,20260117,20270530
Sat-Sun_20260314-20260331,0,0,0,0,0,1,1,20260314,20260331
Sat-Sun_20260101-20270530,0,0,0,0,0,1,1,20260101,20270530
Sat_20260404-20270530,0,0,0,0,0,1,0,20260404,20270530
Sat_20260225-20260328,0,0,0,0,0,1,0,20260225,20260328
Sat_20260321-20270530,0,0,0,0,0,1,0,20260321,20270530
Sat_20260328-20260515,0,0,0,0,0,1,0,20260328,20260515
Sat_20260411-20260414,0,0,0,0,0,1,0,20260411,20260414
Sat_20260124-20270530,0,0,0,0,0,1,0,20260124,20270530
Sat_20260314-20260508,0,0,0,0,0,1,0,20260314,20260508
Sat_20260201-20270530,0,0,0,0,0,1,0,20260201,20270530
Sat_20260324-20260328,0,0,0,0,0,1,0,20260324,20260328
Sat_20260317-20260328,0,0,0,0,0,1,0,20260317,20260328
Sat_20260314-20260328,0,0,0,0,0,1,0,20260314,20260328
Sat_20260321-20260328,0,0,0,0,0,1,0,20260321,20260328
Sat_20260307-20260329,0,0,0,0,0,1,0,20260307,20260329
Sat_20260207-20270530,0,0,0,0,0,1,0,20260207,20270530
Sat_20260404-20260404,0,0,0,0,0,1,0,20260404,20260404
Sat_20260328-20260328,0,0,0,0,0,1,0,20260328,20260328
Sat_20260314-20270530,0,0,0,0,0,1,0,20260314,20270530
Sat_20260110-20270530,0,0,0,0,0,1,0,20260110,20270530
Sat_20260307-20260404,0,0,0,0,0,1,0,20260307,20260404
Sat_20260101-20270530,0,0,0,0,0,1,0,20260101,20270530
Sat_20260307-20260328,0,0,0,0,0,1,0,20260307,20260328
Sat_20260328-20260331,0,0,0,0,0,1,0,20260328,20260331
Sat_20260309-20270530,0,0,0,0,0,1,0,20260309,20270530
Sat_20260103-20270530,0,0,0,0,0,1,0,20260103,20270530
Sat_20260307-20270530,0,0,0,0,0,1,0,20260307,20270530
Sat_20260317-20260331,0,0,0,0,0,1,0,20260317,20260331
Sat_20260404-20260411,0,0,0,0,0,1,0,20260404,20260411
Sat_20260228-20260328,0,0,0,0,0,1,0,20260228,20260328
Sat_20260317-20270530,0,0,0,0,0,1,0,20260317,20270530
Sat_20260221-20270530,0,0,0,0,0,1,0,20260221,20270530
Sat_20260411-20260411,0,0,0,0,0,1,0,20260411,20260411
Sat_20260131-20270530,0,0,0,0,0,1,0,20260131,20270530
Sat_20260328-20270530,0,0,0,0,0,1,0,20260328,20270530
Sat_20260228-20270530,0,0,0,0,0,1,0,20260228,20270530
Sat_20260324-20270530,0,0,0,0,0,1,0,20260324,20270530
Sat_20260301-20260328,0,0,0,0,0,1,0,20260301,20260328
Sat_20260324-20260330,0,0,0,0,0,1,0,20260324,20260330
Sat_20260317-20260330,0,0,0,0,0,1,0,20260317,20260330
Sat_20260101-20260403,0,0,0,0,0,1,0,20260101,20260403
Sat_20260101-20260417,0,0,0,0,0,1,0,20260101,20260417
Sat_20260124-20260329,0,0,0,0,0,1,0,20260124,20260329
Sat_20260214-20270530,0,0,0,0,0,1,0,20260214,20270530
Sat_20260301-20260329,0,0,0,0,0,1,0,20260301,20260329
Sat_20260307-20260330,0,0,0,0,0,1,0,20260307,20260330
Sat_20260213-20270530,0,0,0,0,0,1,0,20260213,20270530
Sat_20260207-20260328,0,0,0,0,0,1,0,20260207,20260328
Sat_20260321-20260331,0,0,0,0,0,1,0,20260321,20260331
Sat_20260326-20270530,0,0,0,0,0,1,0,20260326,20270530
Sat_20260307-20260331,0,0,0,0,0,1,0,20260307,20260331
Sun_20260324-20270530,0,0,0,0,0,0,1,20260324,20270530
Sun_20260315-20260331,0,0,0,0,0,0,1,20260315,20260331
Sun_20260104-20270530,0,0,0,0,0,0,1,20260104,20270530
Sun_20260315-20260329,0,0,0,0,0,0,1,20260315,20260329
Sun_20260309-20270530,0,0,0,0,0,0,1,20260309,20270530
Sun_20260308-20260405,0,0,0,0,0,0,1,20260308,20260405
Sun_20260328-20261231,0,0,0,0,0,0,1,20260328,20261231
Sun_20260101-20260328,0,0,0,0,0,0,1,20260101,20260328
Sun_20260101-20260404,0,0,0,0,0,0,1,20260101,20260404
Sun_20260322-20270530,0,0,0,0,0,0,1,20260322,20270530
Sun_20260215-20270530,0,0,0,0,0,0,1,20260215,20270530
Sun_20260308-20260329,0,0,0,0,0,0,1,20260308,20260329
Sun_20260118-20260418,0,0,0,0,0,0,1,20260118,20260418
Sun_20260124-20260404,0,0,0,0,0,0,1,20260124,20260404
Sun_20260329-20260329,0,0,0,0,0,0,1,20260329,20260329
Sun_20260322-20260322,0,0,0,0,0,0,1,20260322,20260322
Sun_20260222-20270530,0,0,0,0,0,0,1,20260222,20270530
Sun_20260301-20260330,0,0,0,0,0,0,1,20260301,20260330
Sun_20260208-20270530,0,0,0,0,0,0,1,20260208,20270530
Sun_20260324-20260330,0,0,0,0,0,0,1,20260324,20260330
Sun_20260329-20270530,0,0,0,0,0,0,1,20260329,20270530
Sun_20260315-20270530,0,0,0,0,0,0,1,20260315,20270530
Sun_20260111-20270530,0,0,0,0,0,0,1,20260111,20270530
Sun_20260213-20270530,0,0,0,0,0,0,1,20260213,20270530
Sun_20260317-20270530,0,0,0,0,0,0,1,20260317,20270530
Sun_20250524-20270530,0,0,0,0,0,0,1,20250524,20270530
Sun_20260125-20270530,0,0,0,0,0,0,1,20260125,20270530
Sun_20260118-20270530,0,0,0,0,0,0,1,20260118,20270530
Sun_20260419-20260628,0,0,0,0,0,0,1,20260419,20260628
Sun_20260104-20260418,0,0,0,0,0,0,1,20260104,20260418
Sun_20260322-20260329,0,0,0,0,0,0,1,20260322,20260329
Sun_20991201-20270530,0,0,0,0,0,0,1,20991201,20270530
Sun_20260329-20260331,0,0,0,0,0,0,1,20260329,20260331
Sun_20260405-20270530,0,0,0,0,0,0,1,20260405,20270530
Sun_20260301-20260331,0,0,0,0,0,0,1,20260301,20260331
Sun_20260222-20260329,0,0,0,0,0,0,1,20260222,20260329
Sun_20260326-20260331,0,0,0,0,0,0,1,20260326,20260331
Sun_20260101-20270530,0,0,0,0,0,0,1,20260101,20270530
Sun_20260326-20270530,0,0,0,0,0,0,1,20260326,20270530
Sun_20260301-20270530,0,0,0,0,0,0,1,20260301,20270530
Sun_20260225-20270530,0,0,0,0,0,0,1,20260225,20270530
Sun_20260317-20260509,0,0,0,0,0,0,1,20260317,20260509
Sun_20260405-20260413,0,0,0,0,0,0,1,20260405,20260413
Sun_20260301-20260329,0,0,0,0,0,0,1,20260301,20260329
Sun_20260405-20260414,0,0,0,0,0,0,1,20260405,20260414
Sun_20260524-20270530,0,0,0,0,0,0,1,20260524,20270530
Sun_20260308-20270530,0,0,0,0,0,0,1,20260308,20270530
Sun_20260217-20270530,0,0,0,0,0,0,1,20260217,20270530
Sun_20260126-20270530,0,0,0,0,0,0,1,20260126,20270530
Sun_20260201-20270530,0,0,0,0,0,0,1,20260201,20270530
Sun_20260317-20260329,0,0,0,0,0,0,1,20260317,20260329
Sun_20260202-20270530,0,0,0,0,0,0,1,20260202,20270530
Sun_20260225-20260330,0,0,0,0,0,0,1,20260225,20260330
